# source:topology|BGP|19980701|routeviews|routeviews
# source:topology|BGP|19980702|routeviews|routeviews
# source:topology|BGP|19980703|routeviews|routeviews
# source:topology|BGP|19980704|routeviews|routeviews
# source:topology|BGP|19980705|routeviews|routeviews
# c1: 1 293 701 1239 1740 3561 7018
# c2: 
# inferred clique: 1 293 701 1239 1740 3561 7018
# IXP ASes: 1200 4635 5507 6695 7606 8714 9355 9439 9560 9722 9989 11670 17819 18398 21371 24029 24115 24990 35054 40633 42476 43100 47886 48850 55818
1|3|-1
1|6|-1
1|32|-1
1|33|-1
1|34|-1
1|46|-1
1|48|-1
1|49|-1
1|70|-1
1|71|-1
1|77|-1
1|89|-1
1|90|-1
1|109|-1
1|140|-1
1|144|-1
1|157|-1
1|199|-1
1|201|-1
1|286|0
1|293|0
1|557|-1
1|625|-1
1|668|-1
1|701|0
1|1226|-1
1|1236|-1
1|1239|0
1|1276|-1
1|1673|-1
1|1740|0
1|1830|-1
1|2024|-1
1|2056|-1
1|2511|-1
1|2581|-1
1|2637|-1
1|2714|-1
1|2897|-1
1|2900|-1
1|2914|-1
1|2933|0
1|3113|-1
1|3303|-1
1|3402|-1
1|3404|-1
1|3450|-1
1|3452|-1
1|3479|-1
1|3495|-1
1|3527|-1
1|3557|-1
1|3561|0
1|3564|-1
1|3614|-1
1|3680|-1
1|3703|-1
1|3705|-1
1|3720|-1
1|3739|0
1|3749|-1
1|3790|-1
1|3801|-1
1|3847|0
1|3857|-1
1|3909|-1
1|3967|0
1|4010|-1
1|4309|-1
1|4355|-1
1|4454|-1
1|4511|-1
1|4534|-1
1|4550|-1
1|4574|-1
1|4583|-1
1|4648|-1
1|4766|-1
1|4911|-1
1|4926|-1
1|5000|-1
1|5413|0
1|5494|-1
1|5661|-1
1|5662|-1
1|5684|-1
1|5691|-1
1|5693|-1
1|5723|-1
1|5727|-1
1|5737|-1
1|5790|-1
1|6059|-1
1|6150|-1
1|6166|-1
1|6201|-1
1|6203|-1
1|6227|-1
1|6245|-1
1|6362|-1
1|6394|-1
1|6410|-1
1|6431|-1
1|6432|-1
1|6433|-1
1|6469|-1
1|6470|-1
1|6525|-1
1|6527|-1
1|6545|-1
1|6553|-1
1|6555|-1
1|6566|-1
1|6597|-1
1|6606|-1
1|6607|-1
1|6633|-1
1|6932|-1
1|6949|-1
1|6989|-1
1|7006|-1
1|7015|-1
1|7016|-1
1|7017|-1
1|7018|0
1|7019|0
1|7026|-1
1|7061|-1
1|7068|-1
1|7128|-1
1|7139|-1
1|7140|-1
1|7152|-1
1|7160|-1
1|7176|-1
1|7203|-1
1|7219|-1
1|7269|-1
1|7284|-1
1|7318|-1
1|7322|-1
1|7323|-1
1|7332|-1
1|7365|-1
1|7391|-1
1|7418|-1
1|7426|-1
1|7430|-1
1|7462|-1
1|7756|-1
1|7800|-1
1|7806|-1
1|7823|-1
1|7838|-1
1|7862|-1
1|7884|-1
1|7903|-1
1|7946|-1
1|8009|-1
1|8043|-1
1|8076|-1
1|8078|-1
1|8081|-1
1|8091|-1
1|8118|-1
1|8137|-1
1|10266|-1
1|10302|-1
1|10303|-1
1|10326|-1
1|10332|-1
1|10342|-1
1|10355|-1
1|10361|-1
1|10379|-1
1|10395|-1
1|10437|-1
1|10442|-1
1|10487|-1
1|10506|-1
1|10536|-1
1|10553|-1
1|10561|-1
1|10562|-1
1|10581|-1
1|10616|-1
1|10725|-1
1|10750|-1
1|10782|-1
1|10809|-1
1|10910|-1
1|10934|-1
1|10935|-1
1|10946|-1
1|10988|-1
1|11015|-1
1|11188|-1
1|11207|0
13|213|-1
18|145|0
22|5303|-1
22|5855|-1
22|5881|-1
25|293|0
25|5653|-1
33|2497|0
33|2914|0
33|3967|0
38|293|0
38|1224|-1
38|3967|0
48|5058|-1
50|3450|-1
81|6250|-1
81|7207|-1
93|2495|-1
93|2640|-1
93|2698|-1
93|4205|0
93|7773|-1
93|8159|-1
93|10363|-1
93|10714|-1
103|145|0
103|293|0
103|3967|0
103|5099|-1
103|7326|-1
104|194|-1
104|5682|-1
114|8|-1
114|278|-1
114|293|0
114|297|-1
114|302|-1
114|701|0
114|1832|-1
114|4557|-1
114|6481|-1
114|7276|-1
114|8090|-1
132|1914|0
137|5441|-1
137|5443|-1
137|5444|-1
137|5445|-1
137|5448|-1
137|6682|0
145|26|-1
145|29|-1
145|38|-1
145|55|-1
145|104|-1
145|111|-1
145|160|-1
145|194|-1
145|195|-1
145|210|-1
145|217|0
145|225|0
145|237|-1
145|293|0
145|693|0
145|1201|0
145|1224|-1
145|1312|0
145|1706|-1
145|1909|-1
145|2698|-1
145|3112|-1
145|3128|-1
145|4201|-1
145|4557|-1
145|5050|0
145|5723|-1
145|6200|-1
145|6453|0
145|7377|0
145|10490|-1
145|10579|-1
145|10680|-1
145|10755|-1
145|10886|-1
145|11078|0
174|286|0
174|293|0
174|298|-1
174|701|0
174|745|-1
174|1239|0
174|1290|-1
174|1673|0
174|1740|0
174|1932|-1
174|2493|-1
174|2529|0
174|2554|-1
174|2914|0
174|3561|0
174|3957|-1
174|5413|0
174|6195|-1
174|6199|-1
174|6303|-1
174|6352|-1
174|6404|-1
174|6654|-1
174|7068|-1
174|7343|-1
174|7884|-1
174|8013|-1
174|8355|-1
174|10337|-1
174|10404|-1
174|10422|-1
174|10515|-1
174|10690|-1
174|10722|-1
174|10962|-1
174|11055|-1
194|3909|0
195|1227|-1
224|8368|-1
226|31|-1
226|127|-1
226|293|0
226|1740|0
226|3967|0
226|4554|-1
226|5655|-1
226|5726|-1
226|6508|-1
226|7397|-1
234|267|0
237|293|0
237|1225|0
237|2548|0
237|3491|0
237|3967|0
237|7016|-1
237|10330|-1
237|10797|-1
270|271|-1
278|3596|0
278|6332|0
278|8140|-1
284|1682|-1
286|293|0
286|297|0
286|517|-1
286|568|0
286|668|0
286|701|0
286|702|0
286|790|-1
286|1673|0
286|1740|0
286|1741|0
286|1746|0
286|1755|0
286|1836|-1
286|1889|-1
286|1890|-1
286|1891|-1
286|1897|-1
286|1899|-1
286|1901|-1
286|2041|0
286|2110|-1
286|2116|-1
286|2134|-1
286|2497|0
286|2548|0
286|2551|0
286|2610|-1
286|2685|0
286|2819|-1
286|2828|0
286|2914|0
286|3245|-1
286|3300|0
286|3320|0
286|3327|-1
286|3333|-1
286|3356|0
286|3407|0
286|3491|0
286|3561|0
286|3763|0
286|3847|0
286|3914|0
286|3915|0
286|3951|0
286|3967|0
286|4000|0
286|4006|0
286|4200|0
286|4436|0
286|4540|0
286|4544|0
286|4565|0
286|5388|0
286|5400|0
286|5474|-1
286|5606|-1
286|5696|0
286|6066|0
286|6113|0
286|6172|0
286|6196|0
286|6461|0
286|6660|0
286|6879|-1
286|7170|0
293|16|-1
293|31|-1
293|43|-1
293|45|-1
293|46|-1
293|50|-1
293|68|-1
293|88|-1
293|217|-1
293|291|-1
293|292|-1
293|297|0
293|377|-1
293|513|0
293|568|0
293|577|0
293|600|0
293|668|0
293|683|-1
293|693|-1
293|701|0
293|1225|0
293|1239|0
293|1275|0
293|1673|0
293|1740|0
293|1746|0
293|1800|0
293|1829|0
293|1852|0
293|2041|0
293|2497|0
293|2548|0
293|2551|0
293|2640|-1
293|2685|0
293|2828|0
293|2914|0
293|2917|0
293|3152|-1
293|3257|0
293|3320|0
293|3354|0
293|3356|0
293|3380|-1
293|3407|-1
293|3424|-1
293|3426|-1
293|3428|-1
293|3429|-1
293|3431|-1
293|3491|0
293|3506|-1
293|3561|0
293|3563|-1
293|3671|-1
293|3720|0
293|3789|0
293|3847|0
293|3915|0
293|3932|0
293|3951|0
293|3967|0
293|4000|0
293|4006|0
293|4058|0
293|4136|-1
293|4183|0
293|4200|0
293|4436|0
293|4544|0
293|4550|0
293|4565|0
293|5378|0
293|5418|0
293|5462|0
293|5646|0
293|5683|0
293|5696|0
293|6079|0
293|6081|0
293|6113|0
293|6172|0
293|6196|0
293|6200|-1
293|6251|0
293|6259|0
293|6261|0
293|6345|-1
293|6395|-1
293|6402|0
293|6405|-1
293|6406|-1
293|6461|0
293|6509|0
293|6561|0
293|6660|0
293|6716|0
293|6939|0
293|7018|0
293|7066|0
293|7170|0
293|7194|0
293|7610|0
293|7922|0
293|7960|-1
293|8218|-1
293|8465|0
293|10303|0
293|10702|-1
293|11039|-1
297|41|-1
297|127|-1
297|270|-1
297|288|-1
297|668|-1
297|701|0
297|786|0
297|1239|0
297|1254|-1
297|1263|-1
297|1673|0
297|1740|0
297|1749|-1
297|1842|-1
297|2497|0
297|2513|-1
297|2914|0
297|3218|-1
297|3488|-1
297|3561|0
297|3967|0
297|5413|0
297|6629|-1
419|450|0
513|789|-1
513|3350|-1
517|6|-1
517|6710|-1
517|6827|-1
517|8384|-1
517|8687|-1
549|239|-1
549|802|-1
549|808|-1
549|6241|-1
549|6407|-1
549|6553|0
568|721|-1
568|724|-1
568|1673|0
568|1740|0
568|1913|-1
568|2914|0
568|3561|0
568|3967|0
568|5927|-1
577|271|-1
577|549|-1
577|684|-1
577|800|-1
577|803|-1
577|831|-1
577|852|-1
577|854|-1
577|855|-1
577|2652|-1
577|3804|-1
577|7122|-1
577|8187|-1
600|159|-1
600|3112|-1
600|3967|0
600|6640|-1
600|7888|-1
600|11050|-1
600|11224|-1
668|13|-1
668|22|-1
668|48|-1
668|83|-1
668|132|-1
668|175|-1
668|1239|0
668|1673|0
668|1740|0
668|2548|0
668|2914|0
668|3561|0
668|3847|0
668|5872|-1
668|8174|-1
683|1225|0
683|3847|0
685|73|-1
685|2702|-1
685|3428|-1
685|3807|-1
685|3936|-1
685|3937|-1
685|3940|0
685|4134|-1
685|4213|-1
685|5798|-1
685|6423|-1
685|7790|-1
685|8028|-1
685|8070|-1
685|8440|-1
685|10258|-1
685|10430|-1
701|17|-1
701|33|-1
701|46|-1
701|71|-1
701|80|-1
701|81|-1
701|90|-1
701|109|-1
701|111|-1
701|131|-1
701|140|-1
701|144|-1
701|284|-1
701|557|-1
701|600|-1
701|685|-1
701|702|-1
701|703|-1
701|705|-1
701|814|-1
701|816|-1
701|1236|-1
701|1239|0
701|1270|-1
701|1280|0
701|1673|-1
701|1740|0
701|1744|-1
701|1746|0
701|1760|-1
701|1800|0
701|1830|-1
701|1833|-1
701|1874|-1
701|1982|-1
701|2003|-1
701|2015|-1
701|2041|0
701|2056|-1
701|2163|-1
701|2276|-1
701|2277|-1
701|2497|-1
701|2516|-1
701|2548|0
701|2551|0
701|2571|-1
701|2611|-1
701|2647|-1
701|2648|-1
701|2685|-1
701|2697|-1
701|2711|-1
701|2749|-1
701|2752|-1
701|2828|0
701|2871|-1
701|2899|-1
701|2905|-1
701|2911|-1
701|2914|-1
701|2917|-1
701|2918|-1
701|2933|-1
701|2941|-1
701|3104|-1
701|3132|-1
701|3216|-1
701|3225|-1
701|3233|-1
701|3243|-1
701|3257|-1
701|3286|-1
701|3300|-1
701|3356|0
701|3379|-1
701|3384|-1
701|3402|-1
701|3403|-1
701|3407|-1
701|3448|-1
701|3451|-1
701|3454|-1
701|3479|-1
701|3491|0
701|3492|-1
701|3493|-1
701|3495|-1
701|3549|-1
701|3557|-1
701|3561|0
701|3563|-1
701|3585|-1
701|3591|-1
701|3593|-1
701|3614|-1
701|3674|-1
701|3700|-1
701|3703|-1
701|3720|-1
701|3733|-1
701|3735|-1
701|3739|-1
701|3742|-1
701|3751|-1
701|3763|0
701|3786|-1
701|3799|-1
701|3803|-1
701|3820|-1
701|3840|-1
701|3845|-1
701|3847|0
701|3850|-1
701|3855|-1
701|3900|-1
701|3914|-1
701|3915|-1
701|3932|-1
701|3936|-1
701|3937|-1
701|3950|-1
701|3951|0
701|3967|0
701|3976|-1
701|3994|-1
701|4006|0
701|4039|-1
701|4045|-1
701|4136|-1
701|4150|-1
701|4151|-1
701|4183|-1
701|4187|-1
701|4195|-1
701|4200|0
701|4208|-1
701|4223|-1
701|4231|-1
701|4257|-1
701|4261|-1
701|4271|-1
701|4277|-1
701|4278|-1
701|4279|-1
701|4307|-1
701|4309|-1
701|4310|-1
701|4313|-1
701|4314|-1
701|4352|-1
701|4355|-1
701|4356|-1
701|4364|-1
701|4372|-1
701|4374|-1
701|4376|-1
701|4377|-1
701|4390|-1
701|4436|-1
701|4437|-1
701|4444|-1
701|4452|-1
701|4456|-1
701|4465|-1
701|4475|-1
701|4495|-1
701|4496|-1
701|4500|-1
701|4511|-1
701|4515|-1
701|4519|-1
701|4521|-1
701|4534|-1
701|4535|-1
701|4539|-1
701|4540|-1
701|4543|-1
701|4544|0
701|4565|0
701|4569|-1
701|4573|-1
701|4574|-1
701|4583|-1
701|4587|-1
701|4596|-1
701|4599|-1
701|4600|-1
701|4614|-1
701|4637|-1
701|4686|-1
701|4694|-1
701|4722|-1
701|4778|-1
701|4786|-1
701|4792|-1
701|4911|-1
701|4913|-1
701|4922|-1
701|4923|-1
701|4940|-1
701|4946|-1
701|4952|-1
701|4957|-1
701|4958|-1
701|4959|-1
701|4966|-1
701|4969|0
701|4979|-1
701|4983|-1
701|4996|-1
701|5000|-1
701|5002|-1
701|5003|-1
701|5004|-1
701|5006|-1
701|5009|-1
701|5015|-1
701|5024|-1
701|5041|-1
701|5048|-1
701|5049|-1
701|5051|-1
701|5056|-1
701|5076|-1
701|5081|-1
701|5088|-1
701|5089|-1
701|5093|-1
701|5105|-1
701|5106|-1
701|5107|-1
701|5339|-1
701|5390|-1
701|5413|-1
701|5462|-1
701|5486|-1
701|5490|-1
701|5496|-1
701|5533|-1
701|5540|-1
701|5580|-1
701|5588|-1
701|5594|-1
701|5642|-1
701|5646|0
701|5648|-1
701|5662|-1
701|5668|-1
701|5669|-1
701|5671|-1
701|5683|-1
701|5684|-1
701|5693|-1
701|5703|-1
701|5704|-1
701|5705|-1
701|5706|-1
701|5713|-1
701|5727|-1
701|5737|-1
701|5738|-1
701|5749|-1
701|5750|-1
701|5754|-1
701|5756|-1
701|5761|-1
701|5762|-1
701|5763|-1
701|5768|-1
701|5771|-1
701|5772|-1
701|5778|-1
701|5779|-1
701|5798|-1
701|5939|-1
701|6064|-1
701|6066|0
701|6067|-1
701|6071|-1
701|6073|-1
701|6077|-1
701|6078|0
701|6081|-1
701|6082|-1
701|6091|-1
701|6095|-1
701|6103|-1
701|6104|-1
701|6108|-1
701|6113|0
701|6115|-1
701|6128|-1
701|6129|-1
701|6130|-1
701|6139|-1
701|6143|-1
701|6147|-1
701|6164|-1
701|6165|-1
701|6178|-1
701|6179|-1
701|6181|-1
701|6194|-1
701|6195|-1
701|6196|-1
701|6197|-1
701|6198|-1
701|6201|-1
701|6203|-1
701|6220|-1
701|6223|-1
701|6224|-1
701|6225|-1
701|6226|-1
701|6227|-1
701|6228|-1
701|6234|-1
701|6245|-1
701|6248|-1
701|6249|-1
701|6266|-1
701|6283|-1
701|6285|-1
701|6295|-1
701|6297|-1
701|6299|0
701|6301|-1
701|6303|-1
701|6305|-1
701|6309|-1
701|6315|-1
701|6317|-1
701|6319|-1
701|6326|-1
701|6331|-1
701|6335|-1
701|6345|-1
701|6347|-1
701|6352|-1
701|6354|-1
701|6357|-1
701|6359|-1
701|6364|-1
701|6365|-1
701|6371|-1
701|6372|-1
701|6376|-1
701|6380|-1
701|6381|-1
701|6382|-1
701|6383|-1
701|6384|-1
701|6385|-1
701|6386|-1
701|6387|-1
701|6388|-1
701|6394|-1
701|6400|-1
701|6404|-1
701|6405|-1
701|6410|-1
701|6419|-1
701|6423|-1
701|6430|-1
701|6431|-1
701|6432|-1
701|6435|-1
701|6437|-1
701|6451|-1
701|6453|-1
701|6455|-1
701|6456|-1
701|6459|-1
701|6461|0
701|6462|-1
701|6467|-1
701|6468|-1
701|6469|-1
701|6474|-1
701|6476|-1
701|6477|-1
701|6479|-1
701|6480|-1
701|6482|-1
701|6485|-1
701|6496|-1
701|6499|-1
701|6502|-1
701|6504|-1
701|6515|-1
701|6521|-1
701|6525|-1
701|6530|-1
701|6533|-1
701|6541|-1
701|6553|-1
701|6554|-1
701|6562|-1
701|6563|-1
701|6566|-1
701|6570|-1
701|6575|-1
701|6582|-1
701|6588|-1
701|6589|-1
701|6594|-1
701|6597|-1
701|6601|-1
701|6603|-1
701|6614|-1
701|6620|-1
701|6623|-1
701|6633|-1
701|6634|-1
701|6635|-1
701|6641|-1
701|6644|-1
701|6650|-1
701|6653|-1
701|6660|-1
701|6664|-1
701|6665|-1
701|6745|-1
701|6790|-1
701|6822|-1
701|6844|-1
701|6859|-1
701|6889|-1
701|6912|-1
701|6932|-1
701|6933|-1
701|6938|-1
701|6941|-1
701|6944|-1
701|6948|-1
701|6949|-1
701|6969|-1
701|6973|-1
701|6975|-1
701|6983|-1
701|6991|-1
701|6993|-1
701|7014|-1
701|7016|-1
701|7018|0
701|7019|0
701|7022|-1
701|7023|-1
701|7029|-1
701|7035|-1
701|7041|-1
701|7043|-1
701|7046|-1
701|7047|-1
701|7053|-1
701|7065|-1
701|7078|-1
701|7089|-1
701|7092|-1
701|7105|-1
701|7107|-1
701|7113|-1
701|7115|-1
701|7139|-1
701|7140|-1
701|7144|-1
701|7147|-1
701|7148|-1
701|7151|-1
701|7157|-1
701|7161|-1
701|7163|-1
701|7168|-1
701|7169|-1
701|7178|-1
701|7183|-1
701|7194|-1
701|7201|-1
701|7203|-1
701|7207|-1
701|7215|-1
701|7220|-1
701|7224|-1
701|7227|-1
701|7239|-1
701|7256|-1
701|7257|-1
701|7260|-1
701|7269|-1
701|7279|-1
701|7281|-1
701|7296|-1
701|7301|-1
701|7303|-1
701|7304|-1
701|7308|-1
701|7314|-1
701|7317|-1
701|7318|-1
701|7336|-1
701|7337|-1
701|7341|-1
701|7342|-1
701|7343|-1
701|7345|-1
701|7346|-1
701|7351|-1
701|7354|-1
701|7362|-1
701|7367|-1
701|7372|-1
701|7374|-1
701|7382|-1
701|7384|-1
701|7386|-1
701|7395|-1
701|7410|-1
701|7420|-1
701|7424|-1
701|7425|-1
701|7426|-1
701|7430|-1
701|7433|-1
701|7434|-1
701|7442|-1
701|7466|-1
701|7469|-1
701|7474|-1
701|7498|-1
701|7515|-1
701|7633|-1
701|7731|-1
701|7736|-1
701|7739|-1
701|7741|-1
701|7754|-1
701|7766|-1
701|7767|-1
701|7772|-1
701|7775|-1
701|7778|-1
701|7784|-1
701|7785|-1
701|7790|-1
701|7792|-1
701|7795|-1
701|7799|-1
701|7819|-1
701|7832|-1
701|7833|-1
701|7837|-1
701|7843|-1
701|7845|-1
701|7849|-1
701|7851|-1
701|7859|-1
701|7862|-1
701|7876|-1
701|7881|-1
701|7886|-1
701|7891|-1
701|7893|-1
701|7894|-1
701|7900|-1
701|7913|-1
701|7915|-1
701|7918|-1
701|7921|-1
701|7923|-1
701|7938|-1
701|7941|-1
701|7943|-1
701|7959|-1
701|7979|-1
701|7981|-1
701|8000|-1
701|8005|-1
701|8006|-1
701|8009|-1
701|8010|-1
701|8012|-1
701|8015|-1
701|8022|-1
701|8023|-1
701|8038|-1
701|8039|-1
701|8043|-1
701|8048|-1
701|8060|-1
701|8061|-1
701|8062|-1
701|8063|-1
701|8070|-1
701|8077|-1
701|8079|-1
701|8080|-1
701|8082|-1
701|8087|-1
701|8088|-1
701|8097|-1
701|8098|-1
701|8105|-1
701|8118|-1
701|8120|-1
701|8125|-1
701|8129|-1
701|8137|-1
701|8138|-1
701|8143|-1
701|8146|-1
701|8154|-1
701|8156|-1
701|8164|-1
701|8166|-1
701|8168|-1
701|8172|-1
701|8175|-1
701|8182|-1
701|8188|-1
701|8212|-1
701|8218|-1
701|8253|-1
701|8262|-1
701|8347|-1
701|8517|-1
701|8534|-1
701|8563|-1
701|8672|-1
701|8697|-1
701|10240|-1
701|10248|-1
701|10251|-1
701|10265|-1
701|10266|-1
701|10271|-1
701|10275|-1
701|10288|-1
701|10293|-1
701|10297|-1
701|10300|-1
701|10303|-1
701|10316|-1
701|10317|-1
701|10334|0
701|10337|-1
701|10339|-1
701|10342|-1
701|10347|-1
701|10361|-1
701|10363|-1
701|10368|-1
701|10382|-1
701|10383|-1
701|10387|-1
701|10404|-1
701|10409|-1
701|10416|-1
701|10419|-1
701|10422|-1
701|10424|-1
701|10431|-1
701|10437|-1
701|10440|-1
701|10442|-1
701|10453|-1
701|10459|-1
701|10461|-1
701|10467|-1
701|10471|-1
701|10473|-1
701|10477|-1
701|10484|-1
701|10487|-1
701|10512|-1
701|10513|-1
701|10518|-1
701|10530|-1
701|10534|-1
701|10537|-1
701|10539|-1
701|10549|-1
701|10552|-1
701|10553|-1
701|10555|-1
701|10557|-1
701|10558|-1
701|10559|-1
701|10561|-1
701|10564|-1
701|10571|-1
701|10577|-1
701|10584|-1
701|10585|-1
701|10593|-1
701|10603|-1
701|10613|-1
701|10616|-1
701|10622|-1
701|10625|-1
701|10628|-1
701|10629|-1
701|10633|-1
701|10637|-1
701|10643|-1
701|10647|-1
701|10651|-1
701|10655|-1
701|10665|-1
701|10668|-1
701|10672|-1
701|10673|-1
701|10683|-1
701|10686|-1
701|10694|-1
701|10695|-1
701|10717|-1
701|10721|-1
701|10724|-1
701|10727|-1
701|10735|-1
701|10741|-1
701|10745|-1
701|10748|-1
701|10753|-1
701|10754|-1
701|10756|-1
701|10762|-1
701|10763|-1
701|10769|-1
701|10777|-1
701|10779|-1
701|10780|-1
701|10783|-1
701|10789|-1
701|10790|-1
701|10792|-1
701|10794|-1
701|10796|-1
701|10800|-1
701|10805|-1
701|10807|-1
701|10811|-1
701|10819|-1
701|10822|-1
701|10825|-1
701|10826|-1
701|10827|-1
701|10828|-1
701|10829|-1
701|10831|-1
701|10832|-1
701|10833|-1
701|10835|-1
701|10838|-1
701|10843|-1
701|10846|-1
701|10853|-1
701|10859|-1
701|10866|-1
701|10870|-1
701|10873|-1
701|10894|-1
701|10902|-1
701|10907|-1
701|10910|-1
701|10916|-1
701|10917|-1
701|10925|-1
701|10928|-1
701|10931|-1
701|10933|-1
701|10934|-1
701|10939|-1
701|10944|-1
701|10956|-1
701|10960|-1
701|10966|-1
701|10971|-1
701|10975|-1
701|10979|-1
701|10980|-1
701|10989|-1
701|10995|-1
701|11006|-1
701|11009|-1
701|11011|-1
701|11013|-1
701|11023|-1
701|11025|-1
701|11027|-1
701|11028|-1
701|11030|-1
701|11035|-1
701|11038|-1
701|11042|-1
701|11057|-1
701|11074|-1
701|11080|-1
701|11083|-1
701|11089|-1
701|11092|-1
701|11094|-1
701|11104|-1
701|11111|-1
701|11118|-1
701|11132|-1
701|11137|-1
701|11143|-1
701|11155|-1
701|11159|-1
701|11160|-1
701|11191|-1
701|11195|-1
701|11204|-1
701|11210|-1
701|11211|-1
701|11214|-1
701|11220|-1
701|11234|-1
701|11239|-1
701|11240|-1
701|11246|-1
701|11255|-1
701|11259|-1
701|11298|-1
702|703|0
702|1103|0
702|1257|0
702|1267|-1
702|1270|-1
702|1299|0
702|1653|0
702|1755|0
702|1759|-1
702|1849|-1
702|1890|-1
702|2007|-1
702|2118|-1
702|2603|0
702|2686|0
702|2822|-1
702|2871|-1
702|2917|-1
702|3228|-1
702|3242|-1
702|3243|-1
702|3244|-1
702|3246|-1
702|3259|-1
702|3265|-1
702|3286|-1
702|3300|0
702|3302|-1
702|3324|-1
702|3333|0
702|3336|-1
702|3342|-1
702|4000|0
702|5377|-1
702|5390|-1
702|5392|-1
702|5401|-1
702|5409|-1
702|5410|-1
702|5418|0
702|5430|-1
702|5434|-1
702|5463|-1
702|5481|-1
702|5490|-1
702|5493|-1
702|5496|0
702|5499|-1
702|5556|0
702|5559|-1
702|6067|-1
702|6468|-1
702|6595|-1
702|6659|-1
702|6696|-1
702|6727|-1
702|6730|-1
702|6735|-1
702|6754|-1
702|6758|-1
702|6783|-1
702|6848|-1
702|6849|-1
702|6900|-1
702|6902|-1
702|8068|-1
702|8199|-1
702|8224|-1
702|8243|-1
702|8277|-1
702|8298|-1
702|8301|-1
702|8307|-1
702|8352|-1
702|8385|-1
702|8394|-1
702|8399|-1
702|8404|-1
702|8413|-1
702|8441|-1
702|8497|-1
702|8528|-1
702|8588|-1
702|8607|-1
702|8612|-1
702|8640|-1
702|8650|-1
702|8671|-1
702|8703|-1
702|8733|-1
702|8741|-1
702|8747|-1
703|3758|-1
703|4058|-1
703|4142|-1
703|4515|-1
703|4645|-1
703|4778|-1
703|4854|-1
703|7578|-1
703|7586|-1
703|7589|-1
703|9304|-1
715|8046|-1
719|790|0
719|8523|-1
745|686|-1
745|1461|-1
745|5295|-1
760|2494|0
786|7|-1
786|1213|-1
786|1849|0
786|3257|0
786|5459|0
786|6683|0
786|6742|0
800|6579|0
814|271|-1
814|815|-1
814|3602|-1
814|6327|-1
814|7189|-1
814|11079|-1
815|6327|-1
815|6638|-1
816|815|-1
816|3602|-1
816|5688|-1
816|5765|-1
816|6241|-1
816|6327|-1
816|6401|-1
816|6407|-1
816|7271|-1
816|7366|-1
816|7398|-1
816|7443|-1
816|7456|-1
816|7788|-1
816|7794|-1
816|10329|-1
816|10400|-1
816|10520|-1
816|10808|-1
816|11103|-1
816|11119|-1
817|8160|-1
817|10261|-1
851|5769|-1
851|7445|-1
852|838|-1
852|839|-1
852|3359|-1
852|6171|-1
852|6509|0
852|6638|-1
852|10482|-1
854|8111|-1
854|11260|-1
855|611|-1
1103|1104|-1
1103|1126|-1
1103|1136|0
1103|1140|-1
1103|1198|0
1103|1888|-1
1103|3333|0
1103|5506|0
1103|5590|0
1103|8582|0
1104|3333|0
1126|1124|-1
1129|2107|-1
1133|559|-1
1136|109|-1
1136|1137|-1
1136|3265|-1
1136|5399|-1
1136|5484|0
1136|5543|-1
1136|5610|-1
1136|5615|-1
1136|5623|0
1136|8209|-1
1136|8232|-1
1136|8483|-1
1136|8582|-1
1136|8616|-1
1136|8651|0
1137|3255|-1
1137|6723|-1
1198|3300|0
1213|2128|-1
1221|2687|-1
1221|2764|-1
1221|4295|-1
1221|4433|-1
1221|4634|-1
1221|4736|-1
1221|4739|-1
1221|4740|-1
1221|4742|-1
1221|4744|-1
1221|4763|-1
1221|4786|-1
1221|4797|-1
1221|4802|-1
1221|4804|-1
1221|4854|-1
1221|4857|-1
1221|4860|-1
1221|7175|-1
1221|7469|-1
1221|7474|-1
1221|7475|-1
1221|7486|-1
1221|7492|-1
1221|7496|-1
1221|7543|-1
1221|7545|-1
1221|7556|-1
1221|7566|-1
1221|7567|-1
1221|7580|-1
1221|7586|-1
1221|7603|-1
1221|7605|-1
1221|7607|-1
1221|7617|-1
1221|7643|-1
1221|7704|-1
1221|7716|-1
1221|7718|-1
1221|7719|-1
1221|7722|-1
1221|9267|-1
1221|9300|-1
1225|38|-1
1225|234|-1
1225|267|-1
1225|1224|-1
1225|3421|-1
1225|3676|-1
1225|3677|-1
1225|4595|-1
1225|4912|-1
1225|6164|-1
1225|6954|-1
1225|7106|-1
1225|7416|-1
1225|7996|-1
1225|8138|-1
1225|8142|-1
1225|10330|-1
1225|10352|-1
1225|10618|-1
1225|10768|-1
1225|10858|-1
1225|10932|-1
1225|11036|-1
1225|11062|-1
1225|11115|-1
1237|1781|-1
1237|7623|0
1239|81|-1
1239|93|-1
1239|157|-1
1239|210|-1
1239|225|-1
1239|238|-1
1239|555|-1
1239|568|-1
1239|577|-1
1239|613|-1
1239|685|-1
1239|715|-1
1239|852|-1
1239|1225|-1
1239|1341|-1
1239|1659|-1
1239|1673|0
1239|1706|-1
1239|1740|0
1239|1746|0
1239|1760|-1
1239|1767|-1
1239|1784|0
1239|1785|-1
1239|1789|-1
1239|1790|-1
1239|1800|-1
1239|1830|-1
1239|1852|-1
1239|1879|-1
1239|2041|0
1239|2044|-1
1239|2056|-1
1239|2150|-1
1239|2277|-1
1239|2379|-1
1239|2497|0
1239|2516|-1
1239|2517|-1
1239|2518|-1
1239|2548|0
1239|2551|0
1239|2563|-1
1239|2572|-1
1239|2685|0
1239|2711|-1
1239|2828|-1
1239|2897|-1
1239|2899|-1
1239|2902|-1
1239|2907|-1
1239|2914|-1
1239|2918|-1
1239|2933|-1
1239|2966|-1
1239|3064|-1
1239|3320|-1
1239|3356|0
1239|3361|-1
1239|3362|-1
1239|3364|-1
1239|3366|-1
1239|3384|-1
1239|3386|-1
1239|3392|-1
1239|3402|-1
1239|3404|-1
1239|3407|-1
1239|3447|-1
1239|3450|-1
1239|3462|-1
1239|3463|-1
1239|3491|-1
1239|3494|-1
1239|3502|-1
1239|3505|-1
1239|3508|-1
1239|3513|-1
1239|3554|-1
1239|3559|-1
1239|3561|0
1239|3563|-1
1239|3564|-1
1239|3566|-1
1239|3567|-1
1239|3571|-1
1239|3578|-1
1239|3593|-1
1239|3594|-1
1239|3602|-1
1239|3614|-1
1239|3663|-1
1239|3674|-1
1239|3708|-1
1239|3728|-1
1239|3733|-1
1239|3734|-1
1239|3735|-1
1239|3739|-1
1239|3742|-1
1239|3746|-1
1239|3749|-1
1239|3753|-1
1239|3764|-1
1239|3768|-1
1239|3770|-1
1239|3803|-1
1239|3815|-1
1239|3824|-1
1239|3828|-1
1239|3831|-1
1239|3833|-1
1239|3846|-1
1239|3847|0
1239|3850|-1
1239|3851|-1
1239|3857|-1
1239|3899|-1
1239|3909|0
1239|3912|-1
1239|3914|-1
1239|3915|-1
1239|3951|0
1239|3967|-1
1239|4000|-1
1239|4001|-1
1239|4004|-1
1239|4005|-1
1239|4006|0
1239|4015|-1
1239|4043|-1
1239|4052|-1
1239|4129|-1
1239|4133|-1
1239|4134|-1
1239|4181|-1
1239|4187|-1
1239|4193|-1
1239|4200|0
1239|4203|-1
1239|4205|-1
1239|4208|-1
1239|4223|-1
1239|4231|-1
1239|4258|-1
1239|4259|-1
1239|4306|-1
1239|4327|-1
1239|4449|-1
1239|4513|-1
1239|4538|-1
1239|4544|0
1239|4565|0
1239|4583|-1
1239|4587|-1
1239|4599|-1
1239|4637|-1
1239|4648|-1
1239|4694|-1
1239|4722|-1
1239|4750|-1
1239|4761|-1
1239|4780|-1
1239|4799|-1
1239|4908|-1
1239|4940|-1
1239|4968|-1
1239|4969|0
1239|4979|-1
1239|4983|-1
1239|4997|-1
1239|4999|-1
1239|5006|-1
1239|5041|-1
1239|5088|-1
1239|5109|-1
1239|5418|0
1239|5511|-1
1239|5522|-1
1239|5632|-1
1239|5646|-1
1239|5650|-1
1239|5652|-1
1239|5662|-1
1239|5680|-1
1239|5681|-1
1239|5683|-1
1239|5689|-1
1239|5693|-1
1239|5696|0
1239|5712|-1
1239|5714|-1
1239|5738|-1
1239|5760|-1
1239|5769|-1
1239|5778|-1
1239|5779|-1
1239|6061|-1
1239|6062|-1
1239|6065|-1
1239|6070|-1
1239|6073|-1
1239|6082|-1
1239|6095|-1
1239|6113|0
1239|6116|-1
1239|6128|-1
1239|6129|-1
1239|6138|-1
1239|6140|-1
1239|6144|-1
1239|6161|-1
1239|6172|0
1239|6174|-1
1239|6175|-1
1239|6181|-1
1239|6194|-1
1239|6196|-1
1239|6201|-1
1239|6242|-1
1239|6248|-1
1239|6255|-1
1239|6287|-1
1239|6294|-1
1239|6295|-1
1239|6299|-1
1239|6302|-1
1239|6308|-1
1239|6313|-1
1239|6314|-1
1239|6325|-1
1239|6332|-1
1239|6334|-1
1239|6347|-1
1239|6352|-1
1239|6357|-1
1239|6362|-1
1239|6367|-1
1239|6372|-1
1239|6390|-1
1239|6395|-1
1239|6396|-1
1239|6413|-1
1239|6443|-1
1239|6449|-1
1239|6451|-1
1239|6453|-1
1239|6456|-1
1239|6459|-1
1239|6461|0
1239|6463|-1
1239|6465|-1
1239|6494|-1
1239|6499|-1
1239|6504|-1
1239|6512|-1
1239|6541|-1
1239|6553|0
1239|6563|-1
1239|6566|-1
1239|6577|-1
1239|6586|-1
1239|6587|-1
1239|6597|-1
1239|6606|-1
1239|6619|-1
1239|6632|-1
1239|6637|-1
1239|6683|0
1239|6918|-1
1239|6922|-1
1239|6931|-1
1239|6932|-1
1239|6941|-1
1239|6944|-1
1239|6969|-1
1239|6992|-1
1239|6993|-1
1239|6997|-1
1239|6998|-1
1239|7013|-1
1239|7017|-1
1239|7018|0
1239|7019|-1
1239|7023|-1
1239|7033|-1
1239|7037|-1
1239|7051|-1
1239|7057|-1
1239|7065|0
1239|7066|-1
1239|7070|-1
1239|7078|-1
1239|7092|-1
1239|7115|-1
1239|7124|-1
1239|7132|-1
1239|7138|-1
1239|7143|-1
1239|7144|-1
1239|7170|0
1239|7179|-1
1239|7180|-1
1239|7189|-1
1239|7194|0
1239|7201|-1
1239|7206|-1
1239|7222|-1
1239|7228|-1
1239|7235|-1
1239|7250|-1
1239|7258|-1
1239|7267|-1
1239|7268|-1
1239|7275|-1
1239|7284|-1
1239|7286|-1
1239|7287|-1
1239|7288|-1
1239|7290|-1
1239|7291|-1
1239|7293|-1
1239|7294|-1
1239|7333|-1
1239|7341|-1
1239|7353|-1
1239|7354|-1
1239|7358|-1
1239|7386|-1
1239|7432|-1
1239|7438|-1
1239|7452|-1
1239|7459|-1
1239|7480|-1
1239|7497|-1
1239|7513|-1
1239|7515|-1
1239|7629|-1
1239|7713|-1
1239|7717|-1
1239|7748|-1
1239|7810|-1
1239|7823|-1
1239|7825|-1
1239|7839|-1
1239|7849|-1
1239|7876|-1
1239|7882|-1
1239|7888|-1
1239|7912|-1
1239|7982|-1
1239|8005|-1
1239|8008|-1
1239|8015|-1
1239|8021|-1
1239|8037|-1
1239|8039|-1
1239|8041|-1
1239|8043|-1
1239|8052|-1
1239|8070|0
1239|8085|-1
1239|8108|-1
1239|8109|-1
1239|8110|-1
1239|8119|-1
1239|8133|-1
1239|8134|-1
1239|8136|-1
1239|8161|-1
1239|8363|-1
1239|10241|-1
1239|10267|-1
1239|10292|-1
1239|10297|0
1239|10300|-1
1239|10302|-1
1239|10333|-1
1239|10384|-1
1239|10387|-1
1239|10390|-1
1239|10392|-1
1239|10397|-1
1239|10399|-1
1239|10430|-1
1239|10435|-1
1239|10440|-1
1239|10444|-1
1239|10461|-1
1239|10465|-1
1239|10468|-1
1239|10473|-1
1239|10487|-1
1239|10504|-1
1239|10507|-1
1239|10514|-1
1239|10537|-1
1239|10549|-1
1239|10563|-1
1239|10585|-1
1239|10604|-1
1239|10608|-1
1239|10609|-1
1239|10614|-1
1239|10635|-1
1239|10638|-1
1239|10643|-1
1239|10651|-1
1239|10665|-1
1239|10676|-1
1239|10694|-1
1239|10716|-1
1239|10726|-1
1239|10735|-1
1239|10770|-1
1239|10771|-1
1239|10772|-1
1239|10773|-1
1239|10774|-1
1239|10782|-1
1239|10799|-1
1239|10801|-1
1239|10804|-1
1239|10840|-1
1239|10852|-1
1239|10853|-1
1239|10855|-1
1239|10859|-1
1239|10882|-1
1239|10899|-1
1239|10907|-1
1239|10910|-1
1239|10925|-1
1239|10933|-1
1239|10941|-1
1239|10948|-1
1239|10949|-1
1239|10967|-1
1239|10995|-1
1239|11003|-1
1239|11004|-1
1239|11011|-1
1239|11012|-1
1239|11021|-1
1239|11040|-1
1239|11046|-1
1239|11057|-1
1239|11059|-1
1239|11101|-1
1239|11107|-1
1239|11168|-1
1239|11196|-1
1239|11214|-1
1239|11219|-1
1239|11234|-1
1239|11270|-1
1241|8388|-1
1241|8396|-1
1241|8509|-1
1241|8573|-1
1241|8581|-1
1241|8700|-1
1257|2120|-1
1257|5413|0
1257|5492|-1
1257|8197|-1
1263|5058|-1
1267|6734|-1
1267|6737|-1
1267|8329|-1
1267|8815|-1
1270|1889|-1
1270|5627|-1
1270|8360|-1
1270|8373|-1
1270|8450|-1
1270|8602|-1
1273|2510|-1
1273|2529|0
1273|2861|-1
1273|3300|0
1273|5459|0
1273|5517|-1
1273|5521|-1
1273|5539|-1
1273|5549|-1
1273|6659|-1
1273|6733|-1
1273|6779|0
1273|6805|0
1273|8309|-1
1273|8379|-1
1273|8391|-1
1273|8397|-1
1273|8481|-1
1273|8495|0
1273|8627|-1
1275|1754|-1
1275|3058|-1
1275|5520|-1
1275|6680|0
1275|6878|-1
1275|8319|-1
1275|8450|-1
1275|8638|-1
1275|8756|-1
1280|1957|0
1280|2041|0
1280|2914|-1
1280|3366|-1
1280|3563|-1
1280|4200|0
1280|5409|-1
1280|5669|-1
1280|6123|-1
1280|6172|-1
1280|7922|-1
1290|1849|0
1290|5422|-1
1290|5459|0
1290|6742|0
1290|6825|-1
1290|8355|-1
1292|3632|0
1299|1887|-1
1299|2820|-1
1299|2874|-1
1299|3300|0
1299|3301|-1
1299|3302|-1
1299|3308|-1
1299|5378|0
1299|5413|0
1299|5459|0
1299|5518|-1
1299|6793|-1
1299|7589|-1
1299|8516|-1
1299|8764|-1
1321|762|-1
1321|3768|0
1322|3905|-1
1323|17|-1
1323|4373|-1
1323|5646|-1
1323|8041|-1
1323|10694|-1
1324|1660|-1
1324|1698|-1
1324|2019|-1
1324|3725|-1
1324|3903|-1
1324|10519|-1
1325|1225|-1
1325|1678|-1
1325|1757|0
1325|2752|-1
1325|3670|-1
1325|4373|-1
1325|6502|-1
1325|10884|-1
1326|762|-1
1326|1660|-1
1326|2752|-1
1326|3799|-1
1326|6984|-1
1326|7865|-1
1326|10317|-1
1326|10473|-1
1326|10519|-1
1327|1684|-1
1327|2631|-1
1327|3394|-1
1327|3585|-1
1327|4257|-1
1327|6462|-1
1327|6629|-1
1327|7301|-1
1328|6332|-1
1330|1657|-1
1330|3424|-1
1331|6993|-1
1331|8070|-1
1332|2140|-1
1332|3149|-1
1332|3364|-1
1332|7424|-1
1333|5662|-1
1334|377|-1
1334|1689|-1
1334|2901|-1
1334|3388|-1
1334|3912|-1
1335|3605|-1
1335|5113|-1
1335|5303|-1
1335|6435|-1
1335|6553|0
1335|8174|-1
1653|2832|-1
1653|2834|-1
1653|2836|-1
1653|2840|-1
1653|2843|-1
1653|5601|-1
1662|5714|-1
1662|10849|-1
1667|3358|-1
1667|4252|-1
1667|6201|-1
1667|6805|-1
1667|8218|-1
1670|8252|-1
1670|8641|-1
1670|8776|0
1673|1129|-1
1673|1133|-1
1673|1321|-1
1673|1322|-1
1673|1323|-1
1673|1324|-1
1673|1325|-1
1673|1326|-1
1673|1327|-1
1673|1328|-1
1673|1329|-1
1673|1330|-1
1673|1331|-1
1673|1332|-1
1673|1333|-1
1673|1334|-1
1673|1335|-1
1673|1661|-1
1673|1662|-1
1673|1667|-1
1673|1670|-1
1673|1672|-1
1673|1674|-1
1673|1675|-1
1673|1677|-1
1673|1687|-1
1673|1693|-1
1673|1695|-1
1673|1740|0
1673|1746|0
1673|1800|0
1673|2041|0
1673|2056|-1
1673|2548|0
1673|2551|0
1673|2685|0
1673|3356|0
1673|3407|0
1673|3491|0
1673|3561|0
1673|3914|0
1673|3951|0
1673|3967|0
1673|4000|0
1673|4006|0
1673|4136|0
1673|4183|0
1673|4200|0
1673|4436|0
1673|4544|0
1673|4565|0
1673|5390|0
1673|5696|0
1673|6113|0
1673|6172|0
1673|6461|0
1673|6660|0
1673|10593|-1
1673|10681|-1
1674|6632|-1
1675|3674|-1
1675|6427|-1
1675|6485|-1
1677|1697|-1
1677|4393|-1
1677|7902|-1
1691|852|-1
1695|1690|-1
1717|779|-1
1717|1300|-1
1717|1304|-1
1717|1309|-1
1717|1715|-1
1717|1716|-1
1717|1719|-1
1717|1720|-1
1717|1721|-1
1717|1722|-1
1717|1723|-1
1717|1724|-1
1717|1725|-1
1717|1938|-1
1717|1939|-1
1717|1940|-1
1717|1941|-1
1717|2470|-1
1717|2471|-1
1717|2472|-1
1717|2474|-1
1717|2477|-1
1717|2478|-1
1717|6681|0
1740|88|-1
1740|195|-1
1740|196|-1
1740|700|-1
1740|1746|0
1740|1800|0
1740|1832|-1
1740|2041|0
1740|2497|0
1740|2548|0
1740|2551|0
1740|2568|-1
1740|2685|0
1740|2715|-1
1740|2828|0
1740|2914|-1
1740|3111|-1
1740|3320|0
1740|3356|0
1740|3549|0
1740|3561|0
1740|3588|-1
1740|3847|0
1740|3951|0
1740|3967|0
1740|4000|0
1740|4006|0
1740|4183|0
1740|4200|0
1740|4262|-1
1740|4263|-1
1740|4269|-1
1740|4306|-1
1740|4309|-1
1740|4310|-1
1740|4374|-1
1740|4376|-1
1740|4540|-1
1740|4544|0
1740|4555|-1
1740|4565|0
1740|4694|0
1740|5000|0
1740|5050|-1
1740|5390|0
1740|5413|-1
1740|5462|0
1740|5646|0
1740|5683|0
1740|5696|0
1740|5727|-1
1740|6066|0
1740|6077|-1
1740|6104|-1
1740|6113|0
1740|6114|-1
1740|6172|0
1740|6188|-1
1740|6196|-1
1740|6234|-1
1740|6354|-1
1740|6461|0
1740|7018|0
1740|7127|-1
1740|7170|0
1740|7188|-1
1740|7203|-1
1740|7377|-1
1740|7760|-1
1740|7856|-1
1740|7929|-1
1740|8002|-1
1740|8022|-1
1740|8085|-1
1740|8188|-1
1740|8218|-1
1740|10294|-1
1740|10311|-1
1740|10332|-1
1740|10334|-1
1740|10358|-1
1740|10506|-1
1740|10535|-1
1740|10666|-1
1740|10689|-1
1740|10708|-1
1740|10743|-1
1740|10849|-1
1740|10868|-1
1740|11030|-1
1740|11035|-1
1740|11045|-1
1740|11078|-1
1740|11094|-1
1740|11159|-1
1740|11188|-1
1740|11248|-1
1740|11267|-1
1741|565|-1
1741|1248|-1
1741|1739|-1
1741|2853|-1
1741|3221|-1
1746|2497|0
1746|2532|-1
1746|2914|0
1746|3561|0
1746|5413|0
1755|517|-1
1755|1257|-1
1755|1273|-1
1755|1290|-1
1755|1299|-1
1755|1759|-1
1755|1853|-1
1755|1880|-1
1755|1889|-1
1755|1902|-1
1755|2108|-1
1755|2529|-1
1755|2561|-1
1755|2607|-1
1755|2686|0
1755|2874|-1
1755|3215|-1
1755|3228|-1
1755|3233|-1
1755|3248|-1
1755|3256|-1
1755|3268|-1
1755|3278|-1
1755|3291|-1
1755|3300|0
1755|3303|-1
1755|3320|-1
1755|3330|-1
1755|3333|0
1755|4000|-1
1755|4269|-1
1755|5379|-1
1755|5388|-1
1755|5400|0
1755|5403|-1
1755|5405|-1
1755|5413|-1
1755|5417|-1
1755|5418|-1
1755|5423|-1
1755|5424|-1
1755|5435|-1
1755|5462|-1
1755|5517|-1
1755|5539|-1
1755|5549|-1
1755|5551|-1
1755|5595|-1
1755|5604|-1
1755|5628|-1
1755|5629|-1
1755|5669|-1
1755|6664|-1
1755|6666|-1
1755|6705|-1
1755|6741|-1
1755|6745|-1
1755|6774|-1
1755|6802|-1
1755|6829|-1
1755|6830|-1
1755|6855|-1
1755|6873|-1
1755|6887|-1
1755|7363|-1
1755|8198|-1
1755|8210|-1
1755|8218|-1
1755|8220|-1
1755|8228|-1
1755|8272|-1
1755|8300|-1
1755|8377|-1
1755|8379|-1
1755|8397|-1
1755|8434|-1
1755|8437|-1
1755|8445|-1
1755|8472|-1
1755|8474|-1
1755|8525|-1
1755|8740|-1
1755|8787|-1
1759|3249|-1
1759|5413|0
1759|5515|-1
1759|5589|-1
1759|5590|-1
1759|6747|-1
1759|6835|-1
1760|99|-1
1760|4983|-1
1767|8169|-1
1778|3146|-1
1778|4109|-1
1784|6567|-1
1784|7848|-1
1785|26|-1
1785|43|-1
1785|3628|-1
1785|3629|-1
1785|4017|-1
1785|5719|-1
1785|7321|-1
1785|8263|-1
1785|10246|-1
1785|10493|-1
1785|10894|-1
1785|10963|-1
1798|2914|0
1798|4386|-1
1800|286|-1
1800|1257|-1
1800|1755|-1
1800|1797|-1
1800|1880|-1
1800|2027|-1
1800|2146|-1
1800|2497|0
1800|2548|0
1800|2551|0
1800|3336|-1
1800|3561|0
1800|3597|-1
1829|2901|-1
1833|1299|-1
1833|3303|-1
1833|3967|0
1833|8532|-1
1835|3240|-1
1836|8404|0
1849|2028|-1
1849|2529|0
1849|2571|-1
1849|2686|0
1849|2830|-1
1849|2856|0
1849|4000|0
1849|4589|0
1849|5459|-1
1849|5500|-1
1849|5551|0
1849|5622|0
1849|6765|0
1849|8068|0
1849|8718|-1
1849|8776|0
1849|10530|-1
1852|25|-1
1852|131|-1
1852|299|-1
1852|5653|-1
1852|5739|-1
1852|6106|-1
1852|6192|-1
1853|679|-1
1853|760|-1
1853|1113|-1
1853|1114|-1
1853|1117|-1
1853|1119|-1
1853|1120|-1
1853|1205|-1
1853|2036|-1
1853|6720|-1
1853|6770|0
1853|8692|-1
1880|1881|-1
1880|1882|-1
1880|1883|-1
1887|8267|0
1887|8374|0
1887|8459|0
1887|8535|0
1887|8664|0
1888|3333|0
1890|288|-1
1890|1140|-1
1890|3333|-1
1890|5506|-1
1890|8232|-1
1890|8582|-1
1890|8616|-1
1891|8227|0
1901|8387|0
1901|8446|0
1902|2605|0
1902|2852|0
1902|6881|0
1913|419|-1
1913|450|-1
1913|454|-1
1913|488|-1
1913|772|-1
1913|1556|-1
1913|1559|-1
1913|1562|-1
1913|1564|-1
1913|1565|-1
1913|1568|-1
1913|1569|-1
1913|1570|-1
1913|1589|-1
1913|1733|-1
1913|1978|-1
1913|1984|-1
1913|2632|-1
1913|3859|-1
1913|3861|-1
1913|3863|-1
1913|3865|-1
1913|3866|-1
1913|3867|-1
1913|3868|-1
1913|3869|-1
1913|3870|-1
1913|3871|-1
1913|3873|-1
1913|3874|-1
1913|3875|-1
1913|3876|-1
1913|3877|-1
1913|3879|-1
1913|3880|-1
1913|3881|-1
1913|3882|-1
1913|3883|-1
1913|3884|-1
1913|3893|-1
1913|5188|-1
1913|5248|-1
1913|5256|-1
1913|5836|-1
1913|5839|-1
1916|6125|-1
1916|7365|-1
1922|2607|0
1930|3251|-1
1930|5516|-1
1930|8609|-1
1955|2012|-1
1955|2547|-1
1955|3219|-1
1955|3314|-1
1955|3346|-1
1955|6711|-1
1955|6770|0
1955|8512|-1
1982|3513|-1
1982|7042|-1
1982|7816|-1
1982|10594|-1
1982|10614|-1
2018|2905|0
2027|7965|-1
2033|4459|0
2041|2276|-1
2041|2497|0
2041|2568|-1
2041|2901|-1
2041|3110|-1
2041|3384|-1
2041|3508|-1
2041|3561|0
2041|3789|-1
2041|3912|-1
2041|4278|-1
2041|5413|0
2041|6082|-1
2041|6086|-1
2041|6409|-1
2041|6434|-1
2041|6540|-1
2041|6602|-1
2041|6607|-1
2041|6939|-1
2041|7044|-1
2041|7219|-1
2041|7314|-1
2041|7436|-1
2041|7742|-1
2041|7770|-1
2041|7921|-1
2041|8168|-1
2041|10265|-1
2041|10435|-1
2041|10475|-1
2041|10672|-1
2041|10754|-1
2041|11070|-1
2044|4982|-1
2044|7951|-1
2056|3967|0
2056|10593|-1
2107|6770|0
2109|3272|-1
2109|3308|0
2116|3220|0
2118|2766|-1
2118|3239|-1
2118|3253|-1
2118|3316|-1
2118|3389|-1
2118|5386|-1
2118|5434|-1
2118|5553|-1
2118|5568|-1
2118|5592|-1
2118|6800|-1
2118|6903|-1
2118|8241|-1
2118|8299|-1
2118|8350|-1
2118|8377|-1
2118|8392|-1
2118|8443|-1
2118|8498|-1
2118|8675|-1
2118|8691|-1
2118|8752|-1
2118|8825|-1
2150|226|-1
2150|10294|-1
2379|6364|-1
2379|11047|-1
2380|3332|-1
2381|3128|-1
2381|3136|-1
2381|3148|-1
2381|7050|-1
2486|3305|0
2493|74|-1
2493|834|-1
2493|3766|-1
2493|5765|-1
2493|6638|-1
2493|6996|-1
2493|7398|-1
2493|7443|-1
2493|7734|-1
2493|7992|-1
2493|8160|-1
2493|10261|-1
2493|10264|-1
2493|10400|-1
2497|109|-1
2497|2498|0
2497|2500|0
2497|2510|0
2497|2513|0
2497|2514|0
2497|2515|-1
2497|2516|0
2497|2518|0
2497|2519|0
2497|2521|0
2497|2524|0
2497|2526|-1
2497|2527|0
2497|2548|0
2497|2551|0
2497|2554|0
2497|2687|0
2497|2828|0
2497|2915|0
2497|3257|0
2497|3320|0
2497|3356|0
2497|3561|0
2497|3563|0
2497|3763|0
2497|3847|0
2497|3915|0
2497|3932|0
2497|3951|0
2497|3967|0
2497|4006|0
2497|4183|0
2497|4197|0
2497|4436|0
2497|4527|0
2497|4565|0
2497|4608|0
2497|4672|-1
2497|4673|-1
2497|4675|-1
2497|4677|0
2497|4678|0
2497|4680|0
2497|4681|0
2497|4682|0
2497|4686|0
2497|4688|-1
2497|4689|0
2497|4691|0
2497|4692|-1
2497|4693|-1
2497|4694|0
2497|4702|0
2497|4703|-1
2497|4704|0
2497|4706|-1
2497|4710|-1
2497|4713|0
2497|4716|-1
2497|4723|-1
2497|4724|-1
2497|4725|-1
2497|4727|-1
2497|4732|-1
2497|4774|-1
2497|4777|-1
2497|5000|0
2497|5388|0
2497|5462|0
2497|5669|0
2497|5683|0
2497|5696|0
2497|6066|0
2497|6123|0
2497|6196|0
2497|6395|0
2497|6461|0
2497|6939|0
2497|7374|0
2497|7500|0
2497|7501|-1
2497|7503|-1
2497|7516|-1
2497|7518|-1
2497|7519|-1
2497|7521|-1
2497|7522|-1
2497|7531|-1
2497|7664|-1
2497|7668|-1
2497|7670|-1
2497|7672|-1
2497|7960|0
2497|8218|0
2497|10303|0
2497|10564|-1
2500|2501|-1
2500|2502|-1
2500|2503|-1
2500|2504|-1
2500|2506|-1
2500|2508|-1
2500|2511|-1
2500|2513|-1
2500|2514|-1
2500|2520|-1
2500|2528|-1
2500|2907|-1
2500|4608|-1
2500|4717|-1
2500|4730|-1
2505|3460|-1
2505|5402|-1
2506|2523|-1
2510|4704|-1
2510|7502|-1
2513|2511|-1
2513|2522|-1
2513|3488|-1
2513|3510|-1
2513|4729|-1
2513|7531|-1
2514|4684|-1
2514|4698|-1
2514|4707|-1
2514|4853|-1
2514|7511|-1
2514|7515|0
2514|7523|-1
2514|7671|-1
2514|8069|-1
2516|2500|-1
2516|2513|-1
2516|2514|-1
2516|2519|-1
2516|2521|-1
2516|2524|-1
2516|2527|-1
2516|2529|0
2516|2554|-1
2516|4459|-1
2516|4673|-1
2516|4675|-1
2516|4678|-1
2516|4681|-1
2516|4685|-1
2516|4698|-1
2516|4702|-1
2516|4703|-1
2516|4704|-1
2516|4725|-1
2516|4732|-1
2516|4758|-1
2516|4777|-1
2516|6648|-1
2516|6894|-1
2516|7479|-1
2516|7500|-1
2516|7501|-1
2516|7503|-1
2516|7514|-1
2516|7522|-1
2516|7527|-1
2516|7667|-1
2516|7678|-1
2516|8375|-1
2516|10362|-1
2518|7500|-1
2518|7524|-1
2519|4058|0
2519|4677|-1
2521|4693|-1
2521|4695|-1
2521|4702|-1
2521|4709|-1
2521|4716|-1
2521|4724|-1
2521|7500|-1
2521|7502|-1
2521|7512|-1
2521|7523|-1
2521|7525|-1
2521|7529|-1
2521|7664|-1
2529|3257|0
2529|5417|-1
2529|5428|-1
2529|5459|-1
2529|6779|0
2529|8259|0
2529|8539|-1
2532|2274|-1
2548|27|-1
2548|77|-1
2548|109|-1
2548|1591|-1
2548|1853|-1
2548|2860|-1
2548|2914|0
2548|3104|-1
2548|3264|-1
2548|3305|-1
2548|3512|-1
2548|3561|0
2548|3616|-1
2548|3799|-1
2548|3847|0
2548|3967|0
2548|3970|-1
2548|4010|-1
2548|4198|-1
2548|4355|-1
2548|4472|-1
2548|4941|-1
2548|4966|-1
2548|4989|-1
2548|5049|-1
2548|5389|-1
2548|5407|-1
2548|5410|-1
2548|5415|-1
2548|5595|-1
2548|5651|-1
2548|5669|-1
2548|5737|-1
2548|5789|-1
2548|5952|-1
2548|6061|-1
2548|6076|-1
2548|6097|-1
2548|6165|-1
2548|6166|-1
2548|6181|-1
2548|6202|-1
2548|6223|-1
2548|6224|-1
2548|6226|-1
2548|6233|-1
2548|6299|-1
2548|6302|-1
2548|6347|0
2548|6365|0
2548|6391|-1
2548|6448|-1
2548|6467|0
2548|6468|-1
2548|6474|-1
2548|6592|-1
2548|6597|-1
2548|6598|0
2548|6640|-1
2548|6641|-1
2548|6753|-1
2548|6755|-1
2548|6778|-1
2548|6830|-1
2548|6906|-1
2548|6948|-1
2548|6973|-1
2548|6981|-1
2548|6989|-1
2548|7035|-1
2548|7093|-1
2548|7113|-1
2548|7115|-1
2548|7132|-1
2548|7146|0
2548|7160|-1
2548|7169|-1
2548|7222|0
2548|7290|0
2548|7291|0
2548|7292|0
2548|7293|0
2548|7294|0
2548|7296|-1
2548|7309|0
2548|7354|-1
2548|7416|-1
2548|7458|0
2548|7734|-1
2548|7754|-1
2548|7765|0
2548|7770|-1
2548|7811|-1
2548|7835|-1
2548|7850|-1
2548|7859|0
2548|7868|-1
2548|7877|0
2548|7886|-1
2548|7938|-1
2548|7958|-1
2548|8012|-1
2548|8058|-1
2548|8079|-1
2548|8083|-1
2548|8088|-1
2548|8146|-1
2548|8152|-1
2548|8172|-1
2548|8175|-1
2548|8185|-1
2548|8189|0
2548|8191|-1
2548|8197|-1
2548|8390|-1
2548|8391|-1
2548|8429|-1
2548|8442|-1
2548|8445|-1
2548|8456|-1
2548|8620|-1
2548|8657|-1
2548|8685|-1
2548|8717|-1
2548|8740|-1
2548|10266|-1
2548|10297|-1
2548|10355|-1
2548|10383|-1
2548|10387|-1
2548|10399|-1
2548|10414|-1
2548|10424|-1
2548|10469|-1
2548|10476|-1
2548|10516|-1
2548|10534|-1
2548|10536|-1
2548|10543|-1
2548|10571|-1
2548|10576|-1
2548|10577|-1
2548|10593|0
2548|10597|-1
2548|10634|-1
2548|10667|-1
2548|10674|-1
2548|10685|-1
2548|10699|-1
2548|10701|-1
2548|10714|-1
2548|10737|-1
2548|10741|-1
2548|10745|-1
2548|10775|-1
2548|10780|-1
2548|10825|-1
2548|10826|-1
2548|10827|-1
2548|10828|-1
2548|10829|-1
2548|10830|-1
2548|10831|-1
2548|10832|-1
2548|10833|-1
2548|10852|-1
2548|10882|-1
2548|10925|-1
2548|10931|-1
2548|10946|-1
2548|10952|-1
2548|10958|-1
2548|10960|-1
2548|10991|-1
2548|10994|-1
2548|10997|-1
2548|11019|-1
2548|11043|-1
2548|11100|-1
2548|11104|-1
2548|11118|-1
2548|11132|-1
2548|11182|-1
2548|11205|-1
2548|11210|-1
2548|11211|-1
2548|11215|0
2548|11224|-1
2548|11230|-1
2548|11244|-1
2549|3484|0
2549|3632|0
2549|4493|-1
2551|2914|0
2551|3561|0
2551|5413|0
2551|5571|-1
2551|6199|-1
2551|6588|-1
2551|6996|-1
2551|7128|-1
2551|10405|-1
2551|10696|-1
2551|10750|-1
2551|10775|-1
2551|10873|-1
2551|11016|-1
2551|11182|-1
2551|11196|-1
2551|11263|-1
2553|3506|-1
2553|11095|0
2563|4665|-1
2563|7621|-1
2563|9271|-1
2563|9274|-1
2572|3390|-1
2578|2875|-1
2578|3254|-1
2578|5537|-1
2578|6673|-1
2578|6694|-1
2578|8371|-1
2578|8395|-1
2578|8515|-1
2578|8580|-1
2578|8629|-1
2578|8636|-1
2578|8749|-1
2578|8752|-1
2588|6851|-1
2588|8194|-1
2588|8206|-1
2588|8605|-1
2603|224|-1
2603|1653|-1
2603|1741|-1
2603|1835|-1
2603|1850|-1
2603|2847|-1
2603|3255|-1
2603|3300|0
2603|5413|0
2611|3333|0
2652|2651|-1
2652|2653|-1
2652|2659|-1
2683|2148|-1
2683|2643|-1
2683|2875|-1
2683|5467|-1
2685|2140|-1
2685|2686|-1
2685|2687|-1
2685|2688|-1
2685|2914|0
2685|3079|-1
2685|3080|-1
2685|3561|0
2685|5413|0
2685|5673|-1
2685|5674|-1
2685|5675|-1
2685|5676|-1
2685|5677|-1
2685|5678|-1
2685|5679|-1
2685|7018|0
2686|679|-1
2686|1776|-1
2686|2905|0
2686|3300|0
2686|3333|0
2686|3339|-1
2686|5413|0
2686|5459|0
2686|6726|-1
2686|6739|-1
2686|6773|-1
2686|6905|0
2686|8215|-1
2686|8358|-1
2686|8544|-1
2686|8620|-1
2686|8640|-1
2686|8667|-1
2686|8778|-1
2687|4624|-1
2687|4642|-1
2687|4662|-1
2687|4801|-1
2698|2640|-1
2706|3363|-1
2711|2939|-1
2713|2915|-1
2764|3409|-1
2764|4739|-1
2764|4807|-1
2764|4854|-1
2764|7477|-1
2764|7496|-1
2764|7498|-1
2764|7579|-1
2764|7586|-1
2764|7612|-1
2764|7631|-1
2764|7637|-1
2764|7652|-1
2764|7701|-1
2764|7702|-1
2764|7703|-1
2764|7716|-1
2764|9280|-1
2764|9282|-1
2764|9284|-1
2767|3672|-1
2767|6537|-1
2767|8160|-1
2767|10261|-1
2767|11260|-1
2820|8701|0
2828|2914|0
2828|3561|0
2828|3840|-1
2828|4908|-1
2828|5097|-1
2828|5413|0
2828|5726|-1
2828|5756|-1
2828|6902|-1
2828|6921|-1
2828|7434|-1
2828|10533|-1
2832|2831|-1
2832|2833|-1
2836|2837|-1
2840|2841|-1
2843|2845|-1
2845|2846|-1
2848|3267|-1
2848|3343|0
2848|6807|-1
2853|544|-1
2853|5515|0
2854|3312|-1
2854|5563|-1
2854|6662|-1
2854|6694|-1
2854|6828|-1
2854|6856|-1
2854|8382|-1
2854|8440|-1
2854|8594|-1
2854|8615|-1
2856|3353|-1
2856|5459|0
2856|5482|-1
2856|5607|-1
2856|5631|-1
2856|6779|-1
2856|6870|-1
2856|6871|-1
2856|8068|-1
2856|8297|0
2856|8366|-1
2856|8454|-1
2856|8613|-1
2856|8622|-1
2856|8635|-1
2856|8681|-1
2856|8718|-1
2856|8743|-1
2860|5516|-1
2865|3301|0
2871|5426|-1
2874|5509|0
2874|6743|-1
2874|8195|-1
2874|8702|-1
2895|2587|-1
2895|3218|-1
2895|3325|-1
2895|5431|-1
2905|3741|0
2905|4178|0
2905|5710|0
2905|5713|0
2905|6083|0
2905|6180|-1
2905|6187|-1
2905|7352|0
2905|7390|0
2905|10331|0
2905|10393|0
2905|10505|0
2907|2498|-1
2907|2501|-1
2907|2502|-1
2907|2503|-1
2907|2504|-1
2907|2505|-1
2907|2506|-1
2907|2508|-1
2907|2517|-1
2907|2520|-1
2907|3836|-1
2907|4730|-1
2914|88|-1
2914|114|-1
2914|234|-1
2914|685|-1
2914|2497|-1
2914|2905|-1
2914|2917|0
2914|3130|-1
2914|3257|0
2914|3320|0
2914|3356|0
2914|3361|-1
2914|3407|0
2914|3491|0
2914|3549|0
2914|3557|0
2914|3563|0
2914|3582|0
2914|3701|0
2914|3720|0
2914|3727|-1
2914|3763|-1
2914|3838|-1
2914|3844|-1
2914|3847|0
2914|3914|0
2914|3915|0
2914|3932|0
2914|3937|-1
2914|3951|0
2914|3967|0
2914|3976|0
2914|4000|0
2914|4006|0
2914|4058|0
2914|4128|-1
2914|4183|0
2914|4222|0
2914|4354|-1
2914|4436|0
2914|4496|-1
2914|4527|0
2914|4540|0
2914|4544|0
2914|4565|0
2914|4694|0
2914|4912|-1
2914|4968|-1
2914|4969|0
2914|5000|0
2914|5089|0
2914|5388|0
2914|5390|0
2914|5409|0
2914|5413|0
2914|5418|0
2914|5462|0
2914|5496|0
2914|5632|-1
2914|5637|0
2914|5646|0
2914|5669|0
2914|5683|0
2914|5693|0
2914|5696|0
2914|5738|-1
2914|6066|0
2914|6077|-1
2914|6079|0
2914|6113|0
2914|6143|-1
2914|6172|0
2914|6188|-1
2914|6196|0
2914|6248|0
2914|6259|0
2914|6261|0
2914|6320|0
2914|6345|0
2914|6395|0
2914|6453|0
2914|6461|0
2914|6467|0
2914|6561|0
2914|6618|-1
2914|6660|0
2914|6716|0
2914|6939|0
2914|6984|-1
2914|7018|0
2914|7019|0
2914|7070|0
2914|7170|0
2914|7194|0
2914|7346|-1
2914|7374|0
2914|7790|-1
2914|7845|-1
2914|7922|0
2914|7960|0
2914|8028|-1
2914|8218|0
2914|10258|-1
2914|10279|-1
2914|10303|0
2914|10466|-1
2914|10627|0
2914|10686|-1
2914|10823|-1
2914|10876|-1
2914|11045|-1
2914|11092|-1
2914|11205|-1
2914|11233|-1
2915|71|-1
2915|4251|-1
2915|4680|-1
2915|4695|-1
2915|4696|-1
2915|4709|-1
2915|4733|-1
2915|6553|-1
2915|7506|-1
2915|7513|-1
2915|7519|-1
2915|7669|-1
2917|2486|-1
2917|5459|0
2917|8274|-1
2917|8361|-1
2917|8494|-1
2933|5763|-1
2966|175|-1
3058|3325|-1
3058|5572|-1
3058|6699|-1
3112|159|-1
3128|3148|-1
3149|5682|-1
3152|3128|-1
3208|3256|0
3215|6|-1
3215|2917|-1
3215|3305|0
3215|5410|-1
3215|5436|-1
3215|6675|-1
3215|6727|-1
3215|6758|-1
3215|6761|-1
3215|8255|-1
3215|8310|-1
3215|8312|-1
3215|8332|-1
3215|8362|-1
3215|8399|-1
3215|8487|-1
3215|8494|-1
3215|8677|-1
3215|8723|-1
3216|5558|-1
3216|6819|-1
3216|8331|-1
3216|8371|-1
3216|8570|-1
3218|3351|-1
3238|6743|0
3242|8217|-1
3243|8657|-1
3244|8696|-1
3246|5413|0
3252|3261|-1
3252|6812|-1
3252|8349|0
3252|8693|-1
3254|3319|-1
3254|5598|-1
3254|6702|-1
3254|6703|-1
3254|6807|-1
3254|6876|-1
3254|6886|-1
3254|8192|-1
3254|8788|-1
3255|3261|-1
3256|3305|0
3256|5410|-1
3257|517|-1
3257|1270|-1
3257|1273|-1
3257|2131|-1
3257|2871|-1
3257|3333|0
3257|4269|-1
3257|5401|-1
3257|5409|-1
3257|5413|0
3257|5424|-1
3257|5427|-1
3257|5459|0
3257|5539|-1
3257|5549|-1
3257|5577|-1
3257|5631|-1
3257|6659|-1
3257|6705|-1
3257|6754|-1
3257|6783|-1
3257|6805|-1
3257|6827|-1
3257|6847|-1
3257|6859|-1
3257|6900|-1
3257|8339|-1
3257|8373|-1
3257|8514|-1
3257|8520|-1
3257|8560|-1
3257|8607|-1
3257|8638|-1
3257|8767|-1
3259|3305|0
3259|5594|-1
3259|8677|-1
3259|8723|-1
3259|8780|-1
3259|10806|-1
3261|8693|-1
3265|3333|0
3265|8201|-1
3269|6840|-1
3269|8293|-1
3269|8754|-1
3286|2135|-1
3286|5459|0
3291|5612|-1
3292|5624|-1
3292|6785|-1
3292|6834|-1
3292|8526|-1
3300|766|-1
3300|1136|-1
3300|1889|-1
3300|2109|-1
3300|3302|-1
3300|3303|-1
3300|3304|-1
3300|3305|-1
3300|3306|-1
3300|3329|-1
3300|3352|-1
3300|4000|0
3300|5378|0
3300|5400|0
3300|5409|-1
3300|5427|-1
3300|5459|0
3300|5466|-1
3300|5539|-1
3300|5556|0
3300|5603|-1
3300|5610|-1
3300|6679|-1
3300|6680|-1
3300|6683|0
3300|6696|-1
3300|6705|-1
3300|6754|-1
3300|6762|-1
3300|6764|-1
3300|6783|-1
3300|6799|0
3300|6802|-1
3300|6805|0
3300|6905|-1
3300|8196|-1
3300|8296|-1
3300|8472|-1
3300|8673|-1
3300|8737|-1
3300|8743|-1
3301|3307|0
3301|5569|0
3302|1267|-1
3302|3313|-1
3302|5395|-1
3302|5396|-1
3302|5481|-1
3302|5493|-1
3302|5510|-1
3302|5535|-1
3302|8224|-1
3302|8328|-1
3302|8583|-1
3302|8660|-1
3303|3302|-1
3303|5385|-1
3303|5398|-1
3303|5426|-1
3303|6730|0
3303|6732|-1
3303|6756|-1
3303|6772|-1
3303|6776|-1
3303|6837|-1
3303|8231|-1
3303|8237|-1
3303|8281|-1
3303|8300|-1
3303|8327|-1
3303|8368|-1
3303|8408|-1
3303|8477|-1
3303|8659|-1
3303|8667|-1
3303|8703|-1
3303|8729|-1
3303|8802|-1
3304|5463|-1
3304|6848|-1
3304|8201|-1
3304|8270|-1
3304|8295|-1
3304|8296|0
3304|8598|-1
3305|5594|-1
3305|6675|-1
3305|6727|-1
3305|6804|-1
3305|6904|-1
3305|8304|-1
3307|5619|-1
3307|6709|-1
3308|6785|0
3308|6865|0
3313|8564|-1
3316|6868|0
3316|8291|0
3316|8370|0
3316|8409|0
3320|2895|-1
3320|3254|-1
3320|5430|-1
3320|5459|0
3320|5483|-1
3320|5517|-1
3320|5579|-1
3320|8297|0
3320|8303|-1
3320|8373|-1
3320|8422|-1
3320|8447|-1
3320|8593|-1
3322|3326|0
3327|8285|0
3328|5459|0
3328|8280|-1
3328|8426|-1
3329|6844|-1
3333|5388|0
3333|5390|0
3333|5399|0
3333|5417|0
3333|5418|0
3333|5462|0
3333|5484|0
3333|5496|0
3333|5590|0
3333|5615|0
3333|6765|0
3333|6774|0
3333|8209|0
3333|8215|0
3333|8251|0
3333|8483|0
3336|719|-1
3339|378|-1
3339|6810|-1
3339|6875|-1
3339|8410|-1
3339|8738|-1
3340|2012|-1
3340|5554|-1
3340|8448|-1
3340|8571|-1
3343|1741|-1
3343|2895|-1
3343|3315|-1
3343|3335|-1
3343|5433|-1
3343|5480|-1
3343|5495|-1
3343|5553|-1
3343|5567|-1
3343|5568|-1
3343|5572|-1
3343|6857|-1
3344|5459|0
3344|5600|-1
3344|6796|-1
3344|8407|-1
3352|3262|-1
3352|3273|-1
3352|3324|-1
3352|5548|-1
3352|6752|-1
3352|6901|-1
3352|8216|-1
3352|8239|-1
3352|8306|-1
3352|8311|-1
3352|8543|-1
3354|18|-1
3354|2276|-1
3354|3053|-1
3356|3561|0
3356|3967|0
3356|4527|0
3356|5705|-1
3356|6517|-1
3356|6994|-1
3356|8179|-1
3384|4148|-1
3384|4984|-1
3384|5702|-1
3384|6070|-1
3384|6107|-1
3384|6210|-1
3384|6986|-1
3384|7006|-1
3384|7833|-1
3384|7868|-1
3384|10848|-1
3384|10909|-1
3388|3912|-1
3404|3561|0
3404|6653|-1
3404|10305|-1
3404|11129|-1
3407|5413|0
3426|137|-1
3426|6819|-1
3429|2505|-1
3429|4729|-1
3447|2379|-1
3447|2553|-1
3447|3506|-1
3447|10674|-1
3449|5745|-1
3462|4782|-1
3462|7480|-1
3462|7483|-1
3462|7532|-1
3462|7541|-1
3463|2|-1
3463|3847|0
3463|4492|-1
3463|6373|-1
3463|6488|-1
3463|7283|0
3463|7976|-1
3464|11109|-1
3479|3480|-1
3491|1778|-1
3491|3144|-1
3491|3259|-1
3491|3368|-1
3491|3386|-1
3491|3561|0
3491|3932|-1
3491|4198|-1
3491|4589|-1
3491|4637|0
3491|4969|-1
3491|5390|-1
3491|5413|0
3491|5427|-1
3491|5577|-1
3491|5641|-1
3491|5749|-1
3491|6079|-1
3491|6260|-1
3491|6261|-1
3491|6319|-1
3491|6351|-1
3491|6660|-1
3491|6751|-1
3491|6859|-1
3491|7962|-1
3491|7985|-1
3491|8750|-1
3491|10265|-1
3493|376|-1
3493|817|-1
3493|851|-1
3493|3963|-1
3493|7873|-1
3508|4927|-1
3508|7895|-1
3512|3591|-1
3527|10622|-1
3527|10748|-1
3549|4492|-1
3549|5033|-1
3549|5413|0
3549|5738|-1
3549|6950|-1
3549|7837|-1
3549|8001|-1
3549|8117|-1
3549|10263|-1
3549|10650|-1
3549|10759|-1
3549|11124|-1
3554|6203|-1
3554|10892|-1
3559|3757|-1
3559|3813|-1
3559|3825|-1
3559|4040|-1
3559|4060|-1
3559|4665|-1
3559|4749|-1
3559|4766|-1
3559|4790|-1
3559|7621|-1
3559|7626|-1
3559|9272|-1
3559|9273|-1
3561|7|-1
3561|52|-1
3561|93|-1
3561|114|-1
3561|131|-1
3561|145|-1
3561|194|-1
3561|237|-1
3561|268|-1
3561|278|-1
3561|513|-1
3561|555|-1
3561|577|-1
3561|600|-1
3561|745|-1
3561|763|-1
3561|1213|-1
3561|1221|-1
3561|1225|-1
3561|1226|-1
3561|1237|-1
3561|1241|-1
3561|1251|-1
3561|1275|-1
3561|1680|-1
3561|1691|-1
3561|1767|-1
3561|1833|-1
3561|1906|-1
3561|1916|-1
3561|1930|-1
3561|1982|-1
3561|2011|-1
3561|2033|-1
3561|2044|-1
3561|2110|-1
3561|2150|-1
3561|2276|-1
3561|2493|-1
3561|2500|-1
3561|2510|-1
3561|2516|-1
3561|2521|-1
3561|2578|-1
3561|2611|-1
3561|2707|-1
3561|2855|-1
3561|2856|-1
3561|2899|-1
3561|2911|-1
3561|2914|-1
3561|2918|-1
3561|2933|-1
3561|2941|-1
3561|3056|-1
3561|3081|-1
3561|3132|-1
3561|3147|-1
3561|3149|-1
3561|3239|-1
3561|3243|-1
3561|3257|-1
3561|3292|-1
3561|3368|-1
3561|3378|-1
3561|3379|-1
3561|3392|-1
3561|3405|-1
3561|3407|-1
3561|3447|-1
3561|3458|-1
3561|3464|-1
3561|3494|-1
3561|3502|-1
3561|3508|-1
3561|3559|-1
3561|3563|-1
3561|3564|-1
3561|3567|-1
3561|3581|-1
3561|3599|-1
3561|3614|-1
3561|3662|-1
3561|3674|-1
3561|3699|-1
3561|3700|-1
3561|3703|-1
3561|3720|-1
3561|3722|-1
3561|3727|-1
3561|3728|-1
3561|3735|-1
3561|3742|-1
3561|3758|-1
3561|3764|-1
3561|3768|-1
3561|3770|-1
3561|3786|-1
3561|3790|-1
3561|3801|-1
3561|3814|-1
3561|3824|-1
3561|3828|-1
3561|3831|-1
3561|3833|-1
3561|3846|-1
3561|3847|0
3561|3911|-1
3561|3912|-1
3561|3914|-1
3561|3915|-1
3561|3931|-1
3561|3932|0
3561|3940|-1
3561|3951|0
3561|3967|0
3561|3994|-1
3561|3998|-1
3561|4006|0
3561|4039|-1
3561|4043|-1
3561|4052|-1
3561|4057|-1
3561|4129|-1
3561|4134|-1
3561|4136|-1
3561|4167|-1
3561|4181|-1
3561|4183|-1
3561|4187|-1
3561|4191|-1
3561|4200|0
3561|4205|-1
3561|4208|-1
3561|4230|-1
3561|4243|-1
3561|4259|-1
3561|4279|-1
3561|4281|-1
3561|4283|-1
3561|4285|-1
3561|4286|-1
3561|4292|-1
3561|4293|-1
3561|4295|-1
3561|4306|-1
3561|4314|-1
3561|4319|-1
3561|4364|-1
3561|4373|-1
3561|4374|-1
3561|4393|-1
3561|4436|0
3561|4459|-1
3561|4513|-1
3561|4515|-1
3561|4540|-1
3561|4544|0
3561|4565|0
3561|4573|-1
3561|4574|-1
3561|4583|-1
3561|4596|-1
3561|4600|-1
3561|4609|-1
3561|4637|-1
3561|4651|-1
3561|4669|-1
3561|4670|-1
3561|4694|-1
3561|4722|-1
3561|4733|-1
3561|4741|-1
3561|4750|-1
3561|4755|-1
3561|4760|-1
3561|4761|-1
3561|4765|-1
3561|4768|-1
3561|4775|-1
3561|4787|-1
3561|4788|-1
3561|4792|-1
3561|4798|-1
3561|4799|-1
3561|4908|-1
3561|4926|-1
3561|4940|-1
3561|4947|-1
3561|4959|-1
3561|4968|-1
3561|4984|-1
3561|5000|0
3561|5006|-1
3561|5024|-1
3561|5033|-1
3561|5049|-1
3561|5056|-1
3561|5078|-1
3561|5081|-1
3561|5093|-1
3561|5384|-1
3561|5388|0
3561|5389|-1
3561|5391|-1
3561|5400|-1
3561|5416|-1
3561|5425|-1
3561|5466|-1
3561|5483|-1
3561|5496|-1
3561|5536|-1
3561|5556|-1
3561|5603|-1
3561|5610|-1
3561|5617|-1
3561|5646|0
3561|5650|-1
3561|5651|-1
3561|5652|-1
3561|5666|-1
3561|5683|0
3561|5696|0
3561|5698|-1
3561|5712|-1
3561|5736|-1
3561|5742|-1
3561|5743|-1
3561|5774|-1
3561|5779|-1
3561|5789|-1
3561|5794|-1
3561|6057|-1
3561|6061|-1
3561|6065|-1
3561|6076|-1
3561|6080|-1
3561|6081|-1
3561|6086|-1
3561|6095|-1
3561|6112|-1
3561|6113|0
3561|6116|-1
3561|6122|-1
3561|6127|-1
3561|6128|-1
3561|6130|-1
3561|6136|-1
3561|6140|-1
3561|6147|-1
3561|6159|-1
3561|6163|-1
3561|6167|-1
3561|6172|0
3561|6185|-1
3561|6194|-1
3561|6195|-1
3561|6196|-1
3561|6203|-1
3561|6213|-1
3561|6221|-1
3561|6225|-1
3561|6243|-1
3561|6245|-1
3561|6250|-1
3561|6254|-1
3561|6258|-1
3561|6259|0
3561|6263|-1
3561|6289|-1
3561|6295|-1
3561|6296|-1
3561|6306|-1
3561|6307|-1
3561|6309|-1
3561|6312|-1
3561|6314|-1
3561|6327|-1
3561|6334|-1
3561|6347|-1
3561|6354|-1
3561|6355|-1
3561|6358|-1
3561|6359|-1
3561|6364|-1
3561|6368|-1
3561|6376|-1
3561|6379|-1
3561|6391|-1
3561|6394|-1
3561|6395|-1
3561|6411|-1
3561|6423|-1
3561|6429|-1
3561|6437|-1
3561|6451|-1
3561|6453|-1
3561|6456|-1
3561|6458|-1
3561|6460|-1
3561|6461|0
3561|6467|0
3561|6469|-1
3561|6470|-1
3561|6475|-1
3561|6480|-1
3561|6482|-1
3561|6484|-1
3561|6488|-1
3561|6501|-1
3561|6503|-1
3561|6504|-1
3561|6507|-1
3561|6512|-1
3561|6521|-1
3561|6527|-1
3561|6534|-1
3561|6535|-1
3561|6536|-1
3561|6542|-1
3561|6549|-1
3561|6552|-1
3561|6553|-1
3561|6554|-1
3561|6566|-1
3561|6569|-1
3561|6570|-1
3561|6575|-1
3561|6577|-1
3561|6580|-1
3561|6582|-1
3561|6584|-1
3561|6587|-1
3561|6591|-1
3561|6594|-1
3561|6600|-1
3561|6602|-1
3561|6630|-1
3561|6634|-1
3561|6641|-1
3561|6646|-1
3561|6648|-1
3561|6697|-1
3561|6713|-1
3561|6730|-1
3561|6745|-1
3561|6755|-1
3561|6774|-1
3561|6795|-1
3561|6799|-1
3561|6813|-1
3561|6849|-1
3561|6866|-1
3561|6918|-1
3561|6944|-1
3561|6946|-1
3561|6947|-1
3561|6949|-1
3561|6979|-1
3561|6981|-1
3561|6992|-1
3561|6993|-1
3561|6994|-1
3561|7015|-1
3561|7018|0
3561|7035|-1
3561|7037|-1
3561|7057|-1
3561|7064|-1
3561|7065|-1
3561|7071|-1
3561|7087|-1
3561|7092|-1
3561|7097|-1
3561|7101|-1
3561|7105|-1
3561|7122|-1
3561|7127|-1
3561|7133|-1
3561|7148|-1
3561|7151|-1
3561|7153|-1
3561|7169|-1
3561|7174|-1
3561|7178|-1
3561|7179|-1
3561|7180|-1
3561|7194|-1
3561|7201|-1
3561|7206|-1
3561|7212|-1
3561|7219|-1
3561|7227|-1
3561|7234|-1
3561|7250|-1
3561|7253|-1
3561|7254|-1
3561|7258|-1
3561|7261|-1
3561|7265|-1
3561|7283|-1
3561|7303|-1
3561|7309|-1
3561|7310|-1
3561|7312|-1
3561|7314|-1
3561|7315|-1
3561|7319|-1
3561|7342|-1
3561|7354|-1
3561|7358|-1
3561|7368|-1
3561|7371|-1
3561|7384|-1
3561|7386|-1
3561|7418|-1
3561|7435|-1
3561|7439|-1
3561|7441|-1
3561|7452|-1
3561|7482|-1
3561|7526|-1
3561|7687|-1
3561|7725|-1
3561|7726|-1
3561|7736|-1
3561|7748|-1
3561|7757|-1
3561|7759|-1
3561|7760|-1
3561|7767|-1
3561|7770|-1
3561|7776|-1
3561|7778|-1
3561|7782|-1
3561|7786|-1
3561|7814|-1
3561|7835|-1
3561|7839|-1
3561|7848|-1
3561|7850|-1
3561|7851|-1
3561|7853|-1
3561|7875|-1
3561|7881|-1
3561|7903|-1
3561|7909|-1
3561|7912|-1
3561|7920|-1
3561|7933|-1
3561|7955|-1
3561|8000|-1
3561|8005|-1
3561|8021|-1
3561|8025|-1
3561|8043|-1
3561|8047|-1
3561|8052|-1
3561|8057|-1
3561|8070|-1
3561|8076|-1
3561|8077|-1
3561|8079|0
3561|8080|-1
3561|8085|-1
3561|8097|-1
3561|8117|-1
3561|8120|-1
3561|8133|-1
3561|8134|-1
3561|8136|-1
3561|8137|-1
3561|8141|-1
3561|8153|-1
3561|8156|-1
3561|8210|-1
3561|8226|-1
3561|8228|-1
3561|8322|-1
3561|8342|-1
3561|8400|-1
3561|8431|-1
3561|8524|-1
3561|8551|-1
3561|8584|-1
3561|9269|-1
3561|10248|-1
3561|10249|-1
3561|10256|-1
3561|10269|-1
3561|10295|-1
3561|10297|-1
3561|10300|-1
3561|10311|-1
3561|10314|-1
3561|10316|-1
3561|10317|-1
3561|10319|-1
3561|10326|-1
3561|10334|-1
3561|10337|-1
3561|10361|-1
3561|10387|-1
3561|10389|-1
3561|10390|-1
3561|10392|-1
3561|10393|-1
3561|10395|-1
3561|10396|-1
3561|10397|-1
3561|10405|-1
3561|10409|-1
3561|10414|-1
3561|10416|-1
3561|10450|-1
3561|10453|-1
3561|10457|-1
3561|10461|-1
3561|10464|-1
3561|10465|-1
3561|10471|-1
3561|10476|-1
3561|10478|-1
3561|10484|-1
3561|10485|-1
3561|10493|-1
3561|10513|-1
3561|10516|-1
3561|10521|-1
3561|10541|-1
3561|10545|-1
3561|10554|-1
3561|10559|-1
3561|10563|-1
3561|10585|-1
3561|10599|-1
3561|10628|-1
3561|10632|-1
3561|10634|-1
3561|10636|-1
3561|10661|-1
3561|10669|-1
3561|10680|-1
3561|10690|-1
3561|10694|-1
3561|10696|-1
3561|10699|-1
3561|10700|-1
3561|10707|-1
3561|10716|-1
3561|10717|-1
3561|10718|-1
3561|10726|-1
3561|10727|-1
3561|10729|-1
3561|10756|-1
3561|10777|-1
3561|10780|-1
3561|10796|-1
3561|10801|-1
3561|10804|-1
3561|10813|-1
3561|10815|-1
3561|10818|-1
3561|10819|-1
3561|10820|-1
3561|10835|-1
3561|10838|-1
3561|10840|-1
3561|10844|-1
3561|10848|-1
3561|10850|-1
3561|10857|-1
3561|10858|-1
3561|10932|-1
3561|10941|-1
3561|10947|-1
3561|10966|-1
3561|10975|-1
3561|10979|-1
3561|10980|-1
3561|10984|-1
3561|10989|-1
3561|10994|-1
3561|10995|-1
3561|11003|-1
3561|11012|-1
3561|11013|-1
3561|11025|-1
3561|11033|-1
3561|11040|-1
3561|11056|-1
3561|11059|-1
3561|11060|-1
3561|11061|-1
3561|11067|-1
3561|11069|-1
3561|11089|-1
3561|11101|-1
3561|11111|-1
3561|11134|-1
3561|11168|-1
3561|11219|-1
3561|11228|-1
3561|11246|-1
3561|11248|-1
3561|11255|-1
3561|11267|-1
3561|11280|-1
3561|11302|-1
3563|3847|0
3563|3967|0
3564|7223|-1
3564|11004|-1
3597|676|-1
3597|5745|-1
3602|4143|-1
3602|4509|-1
3602|5688|-1
3602|5755|-1
3602|6327|-1
3602|6401|-1
3602|6463|-1
3602|6539|-1
3602|6638|-1
3602|7307|-1
3602|7361|-1
3602|7366|-1
3602|7398|-1
3602|7781|-1
3602|7826|-1
3602|7873|-1
3602|10520|-1
3602|11103|-1
3608|7563|-1
3608|7623|-1
3632|1840|-1
3632|3484|-1
3632|3596|-1
3632|8024|-1
3662|3363|-1
3662|3661|-1
3662|4158|-1
3662|4528|-1
3662|4605|-1
3662|4616|-1
3662|7650|-1
3662|7651|-1
3669|7332|-1
3677|7880|-1
3701|1798|-1
3701|4201|-1
3701|4222|-1
3701|7396|-1
3720|6562|-1
3720|6936|-1
3727|6530|-1
3727|10271|-1
3727|11298|-1
3739|89|-1
3739|4302|-1
3739|5324|-1
3741|2018|-1
3741|5710|-1
3741|6351|-1
3741|7020|-1
3741|7460|-1
3741|8094|-1
3741|10331|-1
3741|11157|-1
3742|3699|-1
3742|4258|-1
3742|4319|-1
3742|5687|-1
3749|7212|-1
3758|71|-1
3758|7472|-1
3763|3847|0
3763|6123|-1
3764|6088|-1
3768|5622|-1
3786|3784|-1
3786|4663|-1
3786|4670|-1
3786|4745|-1
3786|4778|-1
3786|4790|-1
3786|4791|-1
3786|4792|-1
3786|6068|-1
3786|7557|-1
3786|7558|-1
3786|7559|-1
3786|7561|-1
3786|7562|-1
3786|7627|-1
3786|9272|-1
3786|9273|-1
3786|9277|-1
3789|3967|0
3789|7756|-1
3789|10347|-1
3790|6945|-1
3803|5486|-1
3803|5712|-1
3803|7174|-1
3803|10753|-1
3803|11034|-1
3804|5690|-1
3804|7271|-1
3804|7734|-1
3804|7992|-1
3804|10264|-1
3804|11085|-1
3816|5722|-1
3816|11053|-1
3817|3956|-1
3817|10322|-1
3820|3957|-1
3831|5003|-1
3831|7958|-1
3831|10958|-1
3836|4767|-1
3838|7346|-1
3840|4433|-1
3840|4740|-1
3845|7461|-1
3847|125|-1
3847|226|-1
3847|2900|-1
3847|3259|-1
3847|3394|-1
3847|3674|-1
3847|3856|0
3847|3857|0
3847|3967|0
3847|4276|-1
3847|4540|0
3847|4555|-1
3847|5413|-1
3847|5632|0
3847|5646|0
3847|6113|0
3847|6248|0
3847|6259|-1
3847|6368|0
3847|6425|0
3847|6618|-1
3847|6652|-1
3847|7143|0
3847|7208|0
3847|7217|-1
3847|7735|-1
3847|8130|-1
3847|8161|-1
3847|8170|-1
3847|10593|0
3856|4432|-1
3857|3663|-1
3857|3967|0
3857|6547|-1
3857|8011|-1
3909|104|-1
3909|7359|-1
3909|10435|-1
3911|10822|-1
3914|5413|0
3915|715|-1
3915|3925|-1
3915|3962|-1
3915|3967|0
3915|5413|0
3915|5752|-1
3915|6552|-1
3915|7226|-1
3915|7235|-1
3915|7929|-1
3915|7941|-1
3915|10368|-1
3915|10737|-1
3915|11046|-1
3932|34|-1
3932|3967|0
3940|73|-1
3951|3384|-1
3951|3956|-1
3951|3967|0
3951|5413|0
3951|6350|-1
3951|6623|-1
3951|6995|-1
3951|7021|-1
3951|7177|-1
3951|7192|-1
3951|7193|-1
3951|7228|-1
3951|8016|-1
3951|8017|-1
3951|8112|-1
3951|8113|-1
3951|8114|-1
3951|8115|-1
3951|10467|-1
3951|10719|-1
3951|10997|-1
3951|11145|-1
3963|817|-1
3963|7445|-1
3967|1852|-1
3967|2529|-1
3967|4136|0
3967|4200|0
3967|4313|-1
3967|4544|0
3967|4550|0
3967|4555|0
3967|4694|0
3967|4969|0
3967|5632|0
3967|5650|0
3967|5670|-1
3967|5671|0
3967|5683|0
3967|5693|0
3967|5696|0
3967|6077|0
3967|6081|0
3967|6113|0
3967|6172|0
3967|6196|0
3967|6200|0
3967|6347|0
3967|6365|0
3967|6402|0
3967|6453|0
3967|6461|0
3967|6467|0
3967|6468|-1
3967|6480|-1
3967|6502|0
3967|6508|0
3967|6716|0
3967|6792|0
3967|6942|-1
3967|7014|-1
3967|7194|0
3967|7397|0
3967|7750|-1
3967|7911|0
3967|7922|0
3967|7960|0
3967|10325|-1
3967|10633|-1
3967|11133|-1
3976|3608|-1
3976|4669|-1
3976|4790|-1
3976|5051|-1
3976|7557|-1
3976|7559|-1
3976|9272|-1
4000|2854|-1
4000|2874|-1
4000|3215|-1
4000|3320|-1
4000|4001|0
4000|4004|0
4000|4005|0
4000|4619|-1
4000|4623|-1
4000|4627|-1
4000|4645|-1
4000|4689|-1
4000|4805|-1
4000|5413|0
4000|5459|0
4000|5465|-1
4000|5509|-1
4000|5564|-1
4000|5583|-1
4000|5607|0
4000|6187|-1
4000|6505|-1
4000|6656|-1
4000|6718|-1
4000|6719|-1
4000|6779|-1
4000|6826|-1
4000|6852|-1
4000|6873|-1
4000|6897|-1
4000|7200|-1
4000|7229|-1
4000|7618|-1
4000|7646|-1
4000|7927|-1
4000|7984|-1
4000|7993|-1
4000|7994|-1
4000|8068|-1
4000|8269|-1
4000|8280|-1
4000|8284|-1
4000|8335|-1
4000|8390|-1
4000|8584|-1
4000|8593|-1
4001|4134|-1
4001|6945|-1
4001|7491|-1
4001|7643|-1
4001|8151|-1
4001|10412|-1
4004|1680|-1
4004|2609|-1
4004|4230|-1
4004|4926|-1
4004|5384|-1
4004|5618|-1
4004|5786|-1
4004|6057|-1
4004|6180|-1
4004|6412|-1
4004|6505|-1
4004|6568|-1
4004|6661|-1
4004|6697|-1
4004|6755|-1
4004|6855|-1
4004|6866|-1
4004|7303|-1
4004|7590|-1
4004|8048|-1
4004|8221|-1
4004|8376|-1
4004|8529|-1
4004|8781|-1
4005|1267|-1
4005|2027|-1
4005|2860|-1
4005|3243|-1
4005|3340|-1
4005|3741|-1
4005|3816|-1
4005|4230|-1
4005|5561|-1
4005|5565|-1
4005|5710|-1
4005|6400|-1
4005|6412|-1
4005|6458|-1
4005|6487|-1
4005|6696|-1
4005|7001|-1
4005|7137|-1
4005|7727|-1
4005|7855|-1
4005|7997|-1
4005|8376|-1
4005|10396|-1
4005|10569|-1
4005|11029|-1
4005|11259|-1
4006|5413|0
4006|6283|-1
4006|6455|-1
4006|10759|-1
4040|3784|-1
4058|4620|-1
4058|4642|-1
4058|4658|-1
4058|4764|-1
4058|5413|0
4058|7484|-1
4058|7659|-1
4058|9269|-1
4058|9293|-1
4060|3748|-1
4060|7564|-1
4060|7624|-1
4060|9275|-1
4134|4799|-1
4134|4808|-1
4151|4152|-1
4183|2702|-1
4183|5621|-1
4183|7996|-1
4183|10393|-1
4183|10676|-1
4195|8145|-1
4197|7490|-1
4200|1833|-1
4200|3110|-1
4200|3751|-1
4200|3904|-1
4200|4150|-1
4200|4208|-1
4200|4239|-1
4200|4258|-1
4200|4261|-1
4200|4565|0
4200|4599|-1
4200|4787|-1
4200|4912|-1
4200|4959|-1
4200|4993|-1
4200|5413|-1
4200|5486|-1
4200|5587|-1
4200|5714|-1
4200|5726|-1
4200|5767|-1
4200|5771|-1
4200|6078|-1
4200|6218|-1
4200|6245|-1
4200|6371|-1
4200|6391|-1
4200|6392|-1
4200|6434|-1
4200|6467|-1
4200|6517|-1
4200|6580|-1
4200|6592|-1
4200|6601|-1
4200|6938|-1
4200|7019|-1
4200|7035|-1
4200|7078|-1
4200|7157|-1
4200|7208|-1
4200|7282|-1
4200|7321|-1
4200|7344|-1
4200|7439|-1
4200|7782|-1
4200|7949|-1
4200|8059|-1
4200|8100|-1
4200|8180|-1
4200|8196|-1
4200|8248|-1
4200|8354|-1
4200|10259|-1
4200|10339|-1
4200|10367|-1
4200|10478|-1
4200|10518|-1
4200|10539|-1
4200|10601|-1
4200|10621|-1
4200|10684|-1
4200|10710|-1
4200|10952|-1
4200|10985|-1
4200|11128|-1
4200|11191|-1
4205|6178|-1
4205|7393|-1
4222|6377|-1
4230|5772|-1
4230|6125|-1
4230|6543|-1
4230|7063|-1
4230|7298|-1
4230|7365|-1
4230|7414|-1
4230|8141|-1
4230|8167|-1
4230|10417|-1
4230|10454|-1
4230|10495|-1
4230|10649|-1
4230|10881|-1
4230|10906|-1
4230|10938|-1
4230|10954|-1
4230|11180|-1
4231|3737|-1
4231|4969|-1
4270|3449|-1
4270|4387|-1
4276|6083|0
4295|109|-1
4295|9264|-1
4352|4639|-1
4352|5085|-1
4354|11142|-1
4354|11178|-1
4374|11289|-1
4433|4740|-1
4433|7637|0
4436|4307|-1
4436|5856|-1
4436|10541|-1
4436|10573|-1
4495|3262|-1
4495|5533|-1
4495|5594|-1
4495|6729|-1
4495|6761|-1
4495|6802|-1
4495|6893|-1
4495|8239|-1
4495|8255|-1
4495|8274|-1
4495|8301|-1
4495|8312|-1
4495|8329|-1
4495|8362|-1
4495|8423|-1
4495|8648|-1
4511|11095|0
4513|8059|-1
4513|10387|-1
4513|11082|-1
4513|11153|-1
4515|7577|-1
4515|7651|-1
4528|7582|-1
4534|1982|-1
4534|2044|-1
4534|3742|-1
4534|3838|-1
4534|4258|-1
4534|4319|-1
4534|5771|-1
4534|10494|-1
4534|10800|-1
4534|10861|-1
4544|1760|-1
4544|5413|0
4544|6245|-1
4550|10554|-1
4550|10758|-1
4550|11253|-1
4557|8|-1
4557|302|-1
4557|3794|-1
4557|7276|-1
4565|5413|0
4565|6113|0
4565|6130|-1
4565|6317|-1
4565|6352|-1
4565|6508|-1
4565|6621|-1
4565|7152|-1
4565|7442|-1
4565|7586|-1
4565|7750|-1
4565|8123|-1
4565|10380|-1
4565|11150|-1
4565|11222|-1
4589|5459|0
4589|5587|-1
4600|3582|-1
4600|3701|-1
4600|10876|-1
4609|7582|-1
4618|4803|-1
4621|3839|-1
4623|4650|-1
4630|4643|-1
4631|2772|-1
4631|4142|-1
4631|4623|-1
4631|4645|-1
4631|4647|-1
4631|4801|-1
4631|4810|-1
4631|7499|-1
4631|7540|-1
4637|2008|-1
4637|2706|-1
4637|3662|-1
4637|4158|-1
4637|4352|-1
4637|4609|-1
4637|4610|-1
4637|4611|-1
4637|4614|-1
4637|4616|-1
4637|4623|-1
4637|4630|-1
4637|4631|-1
4637|4641|-1
4637|4644|-1
4637|4645|-1
4637|4647|-1
4637|4654|-1
4637|4655|-1
4637|4656|-1
4637|4747|-1
4637|4748|-1
4637|4759|-1
4637|4760|-1
4637|4773|-1
4637|4774|0
4637|5683|-1
4637|7479|-1
4637|7483|-1
4637|7581|-1
4637|7589|-1
4637|7642|-1
4637|7643|-1
4637|7646|-1
4637|8443|-1
4637|9286|-1
4648|681|-1
4650|4751|-1
4651|4568|-1
4651|7470|-1
4651|7613|-1
4651|7616|-1
4651|7636|-1
4651|7654|-1
4651|7715|-1
4652|7596|0
4657|71|-1
4657|7634|-1
4673|4719|-1
4680|7524|-1
4681|4720|-1
4682|4700|-1
4682|7663|-1
4694|2514|-1
4694|4197|-1
4694|4677|-1
4694|4686|-1
4694|4688|-1
4694|4703|-1
4694|4705|-1
4694|4711|-1
4694|4720|-1
4694|7501|-1
4694|7518|-1
4694|10813|-1
4702|4714|-1
4703|4735|-1
4704|4251|-1
4713|4710|-1
4713|7521|-1
4713|7671|-1
4716|4683|-1
4716|4711|-1
4716|7514|-1
4717|4767|-1
4717|4796|-1
4722|2510|-1
4722|4682|-1
4722|4725|-1
4725|2512|-1
4725|4692|-1
4725|4708|-1
4725|7511|-1
4725|7512|-1
4736|201|-1
4741|7485|-1
4742|7545|-1
4755|2697|-1
4755|4758|-1
4761|4795|-1
4763|681|-1
4763|4768|-1
4763|7714|-1
4765|4652|-1
4765|4762|-1
4765|4767|-1
4765|7485|-1
4766|4660|-1
4766|5051|-1
4766|7561|-1
4768|681|-1
4774|2042|-1
4774|2527|-1
4774|2706|-1
4774|4434|-1
4774|4628|-1
4774|4651|-1
4774|4682|-1
4774|4691|-1
4774|7515|-1
4774|7629|-1
4778|4783|-1
4778|7656|-1
4778|9283|-1
4780|1659|-1
4780|4662|-1
4780|4747|-1
4780|4779|-1
4780|4783|-1
4780|7482|-1
4780|7535|-1
4780|7538|-1
4780|7541|-1
4780|7696|-1
4780|9283|-1
4786|7694|-1
4786|7722|-1
4788|7544|-1
4799|7640|-1
4805|4634|-1
4805|4736|-1
4805|4744|-1
4805|7567|-1
4805|7617|-1
4911|4203|-1
4911|5738|-1
4911|10959|-1
4913|6809|-1
4923|4133|-1
4923|5716|-1
4923|10784|-1
4926|4270|-1
4926|5648|-1
4926|5692|-1
4926|6147|-1
4926|7004|-1
4926|7049|-1
4926|7340|-1
4926|7417|-1
4926|7908|-1
4926|7934|-1
4926|8066|-1
4926|10277|-1
4926|10481|-1
4926|10605|-1
4926|10671|-1
4926|10757|-1
4926|10795|-1
4926|10834|-1
4926|11014|-1
4926|11063|-1
4926|11193|-1
4926|11311|-1
4969|2033|-1
4969|3066|-1
4969|3564|-1
4969|4495|-1
4969|5413|0
4969|6078|-1
4969|7018|0
4969|7772|-1
4969|8001|-1
4969|11023|-1
4969|11205|-1
4969|11229|-1
5000|5413|0
5000|5560|-1
5000|8513|-1
5000|11019|-1
5003|3817|-1
5003|4259|-1
5003|10589|-1
5006|217|-1
5006|1347|-1
5006|1998|-1
5006|4045|-1
5006|5715|-1
5006|6924|-1
5006|7263|-1
5006|7753|-1
5006|7792|-1
5006|7800|-1
5006|7973|-1
5006|8015|-1
5006|8148|-1
5006|10377|-1
5006|10379|-1
5006|10711|-1
5006|10765|-1
5006|10878|-1
5006|10879|-1
5006|10903|-1
5006|10968|-1
5050|9|-1
5050|204|-1
5050|1206|-1
5050|3999|-1
5050|4130|-1
5078|8036|-1
5089|5459|0
5089|5500|-1
5097|7344|-1
5097|8018|-1
5097|11020|-1
5303|3916|-1
5377|2588|-1
5377|2614|-1
5377|5413|0
5377|5479|-1
5377|5620|-1
5377|6668|-1
5377|6700|-1
5377|6715|-1
5377|6746|-1
5377|6845|-1
5377|8207|-1
5377|8210|0
5377|8289|-1
5377|8314|-1
5377|8316|-1
5377|8688|-1
5378|1290|-1
5378|3220|-1
5378|5459|0
5378|5559|-1
5378|6553|0
5378|6660|-1
5378|6728|-1
5378|8213|-1
5378|8366|-1
5378|8553|-1
5378|8586|-1
5378|8642|-1
5388|5459|0
5388|5564|-1
5388|6859|-1
5389|8425|-1
5389|8716|-1
5390|5459|0
5390|8277|-1
5391|2108|-1
5400|1890|-1
5400|2856|-1
5400|5408|-1
5400|5484|-1
5400|6669|-1
5400|6670|-1
5400|6679|-1
5400|6683|-1
5400|6684|-1
5400|6685|-1
5400|6686|-1
5400|6687|-1
5400|6688|-1
5400|6689|-1
5400|6774|-1
5400|6870|-1
5400|8228|-1
5400|8454|-1
5400|8455|-1
5400|8472|-1
5402|5387|-1
5403|5385|-1
5403|6883|-1
5403|8412|0
5405|6823|0
5405|8540|0
5408|2546|-1
5408|3323|-1
5408|5470|-1
5408|6682|0
5408|6744|-1
5408|6867|-1
5408|8253|-1
5408|8522|-1
5408|8530|-1
5408|8581|-1
5408|8611|-1
5408|8617|-1
5408|8618|-1
5408|8643|-1
5408|8700|-1
5409|8298|-1
5409|8543|-1
5409|8578|-1
5409|8627|-1
5409|8731|-1
5409|8741|-1
5413|5378|-1
5413|5381|-1
5413|5412|-1
5413|5418|0
5413|5459|-1
5413|5496|0
5413|5503|-1
5413|5519|-1
5413|5556|0
5413|5646|0
5413|5683|0
5413|5696|0
5413|6079|0
5413|6196|0
5413|6259|0
5413|6261|0
5413|6345|0
5413|6395|0
5413|6461|0
5413|6660|0
5413|6902|-1
5413|7018|0
5413|7922|0
5413|8198|0
5413|8210|0
5413|8259|-1
5413|8680|-1
5413|10303|0
5415|3326|-1
5415|6884|-1
5415|8207|-1
5415|8258|-1
5415|8343|-1
5415|8349|-1
5415|8759|-1
5417|1103|-1
5417|1890|-1
5417|2611|-1
5417|3265|-1
5417|5399|-1
5417|5506|-1
5417|5590|-1
5417|5615|-1
5417|8209|-1
5417|8483|-1
5417|8582|-1
5417|8651|-1
5418|5496|0
5418|6553|-1
5418|8209|-1
5418|8215|-1
5422|5428|0
5430|8469|-1
5430|8520|-1
5430|8560|-1
5430|8648|-1
5434|8430|-1
5434|8825|-1
5441|5443|0
5441|5445|0
5441|5449|0
5441|5450|0
5441|5451|0
5442|5448|0
5443|5445|0
5443|5457|0
5445|5446|0
5445|5447|-1
5445|5455|0
5446|3230|-1
5455|5456|-1
5459|5462|0
5459|5496|0
5459|5519|0
5459|5551|0
5459|5557|0
5459|5571|0
5459|5604|0
5459|5607|0
5459|5611|0
5459|5621|0
5459|5669|0
5459|6067|0
5459|6728|0
5459|6742|0
5459|6745|0
5459|6765|0
5459|6805|0
5459|6847|0
5459|7148|0
5459|8220|0
5459|8259|0
5459|8272|0
5459|8297|0
5459|8578|0
5459|8743|0
5459|8776|0
5462|6717|-1
5462|8205|-1
5462|8635|-1
5466|3615|-1
5466|8454|0
5483|5393|-1
5483|5513|-1
5483|5596|-1
5483|6722|-1
5483|8321|-1
5483|8425|-1
5483|8448|-1
5483|8571|-1
5484|6715|-1
5484|8211|-1
5493|5382|-1
5496|8251|-1
5509|6785|-1
5510|8265|-1
5510|8441|-1
5510|8783|-1
5511|1717|-1
5511|3215|-1
5515|544|-1
5515|764|-1
5515|1342|-1
5515|1732|-1
5515|2380|-1
5515|3274|-1
5515|3277|-1
5515|5469|-1
5515|6667|-1
5515|8317|-1
5519|5414|-1
5519|5482|-1
5519|5503|-1
5519|5557|-1
5522|8314|-1
5539|8208|-1
5539|8763|-1
5539|8820|-1
5549|6751|-1
5549|8254|-1
5549|8319|0
5551|72|-1
5551|5559|-1
5551|6757|-1
5551|6830|-1
5551|8406|-1
5551|8412|-1
5551|8468|-1
5551|8635|-1
5556|1257|-1
5556|2874|-1
5556|3292|-1
5556|6292|-1
5556|6670|-1
5556|8501|-1
5556|8702|-1
5556|8786|-1
5556|8812|-1
5559|8622|-1
5561|6784|-1
5561|8512|-1
5564|5500|-1
5568|3315|-1
5568|3316|-1
5568|3325|-1
5568|3335|-1
5568|3389|-1
5568|5468|-1
5568|5471|-1
5568|5480|-1
5568|6671|-1
5568|8336|-1
5568|8398|-1
5568|8411|-1
5568|8475|-1
5568|8485|-1
5568|8506|-1
5568|8510|-1
5568|8556|-1
5568|8597|-1
5568|8599|-1
5568|8600|-1
5568|8623|-1
5568|8630|-1
5568|8663|-1
5568|8684|-1
5568|8817|-1
5580|3244|-1
5580|6663|-1
5580|6740|-1
5583|3333|-1
5583|8211|-1
5583|8251|-1
5594|6760|-1
5594|8423|-1
5603|2610|-1
5603|6896|-1
5607|6727|-1
5607|6763|-1
5617|6714|-1
5617|6778|-1
5617|8246|-1
5617|8267|-1
5617|8374|-1
5617|8459|-1
5617|8501|-1
5617|8535|-1
5620|5588|-1
5623|6742|-1
5623|6904|-1
5632|2568|-1
5632|7037|-1
5632|7829|-1
5632|7982|-1
5632|10257|-1
5632|10289|-1
5632|10487|-1
5632|10708|-1
5632|10732|-1
5632|10763|-1
5641|3360|-1
5641|7819|-1
5646|38|-1
5646|103|-1
5646|160|-1
5646|693|-1
5646|2381|-1
5646|2907|-1
5646|3365|-1
5646|3393|-1
5646|3581|-1
5646|3669|-1
5646|3789|-1
5646|3845|-1
5646|4247|-1
5646|4319|-1
5646|4358|-1
5646|4527|-1
5646|5700|-1
5646|5773|-1
5646|6136|-1
5646|6200|-1
5646|6214|-1
5646|6259|-1
5646|6287|-1
5646|6349|-1
5646|6365|-1
5646|6379|-1
5646|6392|-1
5646|6402|-1
5646|6496|-1
5646|6555|-1
5646|6576|-1
5646|6716|-1
5646|7062|-1
5646|7189|-1
5646|7263|-1
5646|7395|-1
5646|7752|-1
5646|7820|-1
5646|10377|-1
5646|10608|-1
5646|10692|-1
5646|10711|-1
5646|10730|-1
5646|10768|-1
5646|10839|-1
5646|11024|-1
5646|11054|-1
5648|676|-1
5650|4167|-1
5650|4222|-1
5650|5048|-1
5650|5097|-1
5650|5698|-1
5650|5746|-1
5650|6114|-1
5650|6188|-1
5650|6352|-1
5650|6521|-1
5650|6540|-1
5650|7051|-1
5650|7385|-1
5650|10345|-1
5650|10406|-1
5650|10444|-1
5650|10494|-1
5650|10496|-1
5650|10587|-1
5650|10787|-1
5650|10914|-1
5651|3578|-1
5651|8091|-1
5656|6325|-1
5666|7965|-1
5669|8669|-1
5671|5673|0
5673|6239|-1
5673|7022|-1
5673|7360|-1
5673|7657|-1
5673|7850|-1
5673|10533|-1
5673|10570|-1
5673|10725|-1
5676|7286|0
5676|10501|-1
5676|10539|-1
5676|10749|-1
5676|11166|-1
5678|7288|0
5678|10306|-1
5680|5674|-1
5681|5675|-1
5683|4759|-1
5683|5551|-1
5683|5666|-1
5683|5697|-1
5683|6079|-1
5683|6255|-1
5683|6453|0
5683|6602|-1
5683|6747|-1
5683|6827|-1
5683|7207|-1
5683|7349|-1
5683|7474|-1
5683|8058|-1
5683|8271|-1
5683|8544|-1
5683|10278|-1
5683|10292|-1
5683|10535|-1
5683|10588|-1
5683|10661|-1
5687|4982|-1
5691|35|-1
5693|10666|0
5693|10746|-1
5693|10766|-1
5696|237|-1
5696|1808|-1
5696|2900|-1
5696|3365|-1
5696|3393|-1
5696|3463|-1
5696|3844|-1
5696|4314|-1
5696|4358|-1
5696|4472|-1
5696|4550|-1
5696|5009|-1
5696|5097|-1
5696|5746|-1
5696|5773|-1
5696|5788|-1
5696|6062|-1
5696|6113|0
5696|6322|-1
5696|6427|-1
5696|6461|-1
5696|6472|-1
5696|6981|-1
5696|7037|-1
5696|7095|-1
5696|7098|-1
5696|7143|-1
5696|7338|-1
5696|7359|-1
5696|7369|-1
5696|7436|-1
5696|7742|-1
5696|7755|-1
5696|7820|-1
5696|7832|-1
5696|8120|-1
5696|8175|-1
5696|10249|-1
5696|10250|-1
5696|10260|-1
5696|10263|-1
5696|10305|-1
5696|10345|-1
5696|10386|-1
5696|10573|-1
5696|10595|-1
5696|10654|-1
5696|10765|-1
5696|10810|-1
5696|10811|-1
5696|10818|-1
5696|10823|-1
5696|10887|-1
5696|10943|-1
5696|11061|-1
5696|11155|-1
5713|4178|-1
5713|5710|-1
5713|6083|-1
5713|6089|-1
5713|7390|-1
5713|7460|-1
5713|8094|-1
5713|10393|-1
5713|10505|-1
5713|11157|-1
5726|10923|-1
5727|1221|-1
5727|2042|-1
5727|2713|-1
5727|4134|-1
5727|4631|-1
5727|4742|-1
5727|4793|-1
5727|4799|-1
5727|6619|-1
5727|7473|-1
5727|7474|-1
5727|7696|-1
5737|6287|-1
5737|8148|-1
5737|10878|-1
5746|11052|-1
5754|7370|-1
5778|11231|-1
5789|10246|-1
6057|1797|-1
6059|11131|-1
6062|6598|-1
6062|10583|-1
6065|7864|-1
6065|10420|-1
6066|5637|-1
6078|6493|-1
6079|4496|-1
6081|4358|-1
6081|7053|-1
6082|1784|-1
6082|3403|-1
6082|3803|-1
6082|6245|-1
6082|7181|-1
6082|7960|-1
6083|6089|-1
6089|7154|-1
6104|5101|-1
6108|6296|-1
6113|1220|-1
6113|3505|-1
6113|4958|-1
6113|5002|-1
6113|6197|-1
6113|6198|-1
6113|6335|-1
6113|6373|-1
6113|6380|-1
6113|6381|-1
6113|6382|-1
6113|6383|-1
6113|6384|-1
6113|6385|-1
6113|6387|-1
6113|6388|-1
6113|6630|-1
6113|6912|-1
6113|6913|-1
6113|6939|-1
6113|7433|-1
6113|7825|-1
6113|7891|-1
6113|7892|-1
6113|7893|-1
6113|7894|-1
6113|8060|-1
6113|8061|-1
6113|8062|-1
6113|8063|-1
6113|8100|-1
6113|8154|-1
6113|10793|-1
6115|7026|-1
6122|2698|-1
6122|3676|-1
6123|6453|0
6138|7239|-1
6138|7900|-1
6138|10916|-1
6140|6306|-1
6140|7195|-1
6172|2024|-1
6172|7128|-1
6172|10240|-1
6172|10746|-1
6172|11263|-1
6181|7942|-1
6181|10252|-1
6187|7020|-1
6187|7390|-1
6187|7460|-1
6188|7951|-1
6196|1932|-1
6196|3549|-1
6196|6066|-1
6196|6502|-1
6196|7055|-1
6196|8137|-1
6196|8192|-1
6196|8259|-1
6198|3681|-1
6198|3996|-1
6198|6140|-1
6203|6299|-1
6221|6652|-1
6221|6948|-1
6221|10805|-1
6226|4211|-1
6251|52|-1
6259|2015|-1
6259|10942|-1
6259|11204|-1
6261|3553|-1
6261|8191|-1
6302|10589|-1
6308|5771|-1
6308|7782|-1
6308|10538|-1
6312|10892|-1
6320|3344|-1
6322|5048|-1
6322|11052|-1
6327|3672|-1
6327|4509|-1
6327|6172|-1
6327|7361|-1
6327|7878|-1
6327|10482|-1
6331|7319|-1
6332|1831|-1
6332|3640|-1
6332|3905|-1
6332|6342|-1
6332|6495|-1
6332|7038|-1
6332|7120|-1
6332|8151|0
6332|10436|-1
6332|10479|-1
6332|10560|-1
6335|8100|-1
6347|613|-1
6347|714|-1
6347|2015|-1
6347|2529|-1
6347|3796|-1
6347|3998|-1
6347|4239|-1
6347|4471|-1
6347|4534|-1
6347|5076|-1
6347|5086|-1
6347|5656|-1
6347|5687|-1
6347|5756|-1
6347|5771|-1
6347|6108|-1
6347|6109|-1
6347|6144|-1
6347|6372|-1
6347|6428|-1
6347|6463|-1
6347|6479|0
6347|6571|-1
6347|6576|-1
6347|6604|-1
6347|7042|-1
6347|7097|-1
6347|7168|-1
6347|7258|-1
6347|7331|-1
6347|7337|-1
6347|7431|-1
6347|7737|-1
6347|7742|-1
6347|7751|-1
6347|7770|-1
6347|7859|-1
6347|7881|-1
6347|7949|-1
6347|8001|-1
6347|8077|-1
6347|8149|-1
6347|8180|-1
6347|10263|-1
6347|10267|-1
6347|10387|-1
6347|10459|-1
6347|10477|-1
6347|10557|-1
6347|10558|-1
6347|10576|-1
6347|10621|-1
6347|10650|-1
6347|10749|-1
6347|10779|-1
6347|10789|-1
6347|10928|-1
6347|10950|-1
6347|10951|-1
6347|10985|-1
6347|11016|-1
6347|11027|-1
6347|11070|-1
6347|11105|-1
6347|11142|-1
6347|11186|-1
6347|11206|-1
6347|11216|-1
6347|11252|-1
6347|11303|-1
6350|4390|-1
6350|11279|-1
6356|11095|0
6362|6633|-1
6362|7961|-1
6365|7393|-1
6367|11233|-1
6371|3790|-1
6371|6471|-1
6371|7303|0
6371|7997|-1
6380|3996|-1
6381|3996|-1
6381|6356|-1
6382|4454|-1
6383|4454|-1
6385|3996|-1
6385|10349|-1
6386|3714|-1
6386|10921|-1
6387|4454|-1
6388|3464|-1
6391|6986|-1
6391|7833|-1
6391|10338|-1
6401|4470|-1
6401|11119|-1
6402|87|-1
6402|5072|-1
6402|7018|0
6402|7206|-1
6402|10680|-1
6402|11069|-1
6427|7936|-1
6427|10703|-1
6453|577|-1
6453|786|-1
6453|1103|-1
6453|1221|-1
6453|1680|-1
6453|1850|-1
6453|2042|-1
6453|2603|-1
6453|2854|-1
6453|2905|-1
6453|3216|-1
6453|3249|-1
6453|3343|-1
6453|3790|-1
6453|4230|-1
6453|4274|-1
6453|4618|-1
6453|4621|-1
6453|4755|-1
6453|4768|-1
6453|4776|-1
6453|4803|-1
6453|5384|-1
6453|5416|-1
6453|5515|-1
6453|5522|-1
6453|5607|-1
6453|5610|-1
6453|5617|-1
6453|5639|-1
6453|5769|-1
6453|6147|-1
6453|6400|-1
6453|6401|-1
6453|6458|-1
6453|6639|-1
6453|6661|-1
6453|6677|-1
6453|6690|-1
6453|6706|-1
6453|6731|-1
6453|6762|-1
6453|6771|-1
6453|6774|-1
6453|6821|-1
6453|6846|-1
6453|6850|-1
6453|6863|-1
6453|7001|-1
6453|7303|-1
6453|7315|-1
6453|7473|-1
6453|7590|-1
6453|7928|-1
6453|8056|-1
6453|8218|-1
6453|8220|-1
6453|8272|-1
6453|8297|-1
6453|8346|-1
6453|8359|-1
6453|8447|-1
6453|8452|-1
6453|8465|-1
6453|8470|-1
6453|8529|-1
6453|8551|-1
6453|8584|-1
6453|8765|-1
6453|8781|-1
6453|10256|-1
6453|10278|-1
6453|10303|0
6453|10307|-1
6453|10354|-1
6453|11166|-1
6458|10586|-1
6461|3557|-1
6461|3734|-1
6461|3925|-1
6461|4058|-1
6461|4969|-1
6461|5637|-1
6461|5669|-1
6461|5670|-1
6461|6320|-1
6461|6402|-1
6461|6561|-1
6461|6792|-1
6461|6939|-1
6461|7018|0
6461|7226|-1
6461|8121|-1
6461|10245|-1
6461|10368|-1
6461|10627|-1
6461|10993|-1
6463|2652|-1
6463|7271|-1
6463|7788|-1
6463|7794|-1
6463|7992|-1
6463|10329|-1
6465|10790|-1
6467|2941|-1
6467|3064|-1
6467|3554|-1
6467|3722|-1
6467|4449|-1
6467|4963|-1
6467|4989|-1
6467|5009|-1
6467|5109|-1
6467|6064|-1
6467|6375|-1
6467|6474|-1
6467|6983|-1
6467|7079|-1
6467|7333|-1
6467|10475|-1
6467|10700|-1
6467|10769|-1
6467|10959|-1
6467|11230|-1
6484|10915|-1
6499|3743|-1
6499|5752|-1
6499|6220|-1
6499|7955|-1
6503|278|-1
6503|1292|-1
6503|2549|-1
6503|3632|-1
6503|6064|-1
6503|6590|-1
6503|6957|-1
6503|7056|-1
6503|7080|-1
6503|7125|-1
6503|7236|-1
6503|7325|-1
6503|7438|-1
6503|8007|-1
6503|10847|-1
6503|11087|-1
6505|6543|-1
6505|7063|-1
6505|7980|-1
6505|10531|-1
6509|271|-1
6509|376|-1
6509|549|-1
6509|803|-1
6509|8111|-1
6509|10786|-1
6509|10972|-1
6536|10521|-1
6542|4535|-1
6553|1830|-1
6553|6675|0
6553|10348|-1
6561|7252|-1
6571|11126|-1
6582|4151|-1
6594|2899|-1
6597|10949|-1
6633|7182|-1
6648|4759|-1
6660|5559|-1
6660|5611|-1
6660|8202|-1
6660|8426|-1
6660|8647|-1
6661|2602|-1
6661|8284|0
6662|5573|-1
6664|2593|-1
6664|3228|-1
6664|3269|-1
6664|5394|-1
6664|5395|-1
6664|5397|-1
6664|5499|-1
6664|5512|-1
6664|5609|-1
6664|6665|-1
6664|6684|0
6664|6762|0
6664|6882|-1
6664|8329|-1
6664|8463|-1
6664|8604|-1
6664|8783|-1
6668|2012|-1
6669|5548|-1
6669|8239|-1
6679|513|-1
6679|559|-1
6679|1930|-1
6679|6682|-1
6679|6770|-1
6680|2602|-1
6680|2852|-1
6680|6679|-1
6680|6681|0
6680|6682|-1
6680|6683|0
6680|6770|-1
6681|6683|0
6684|5394|-1
6684|5396|-1
6684|5499|-1
6684|6691|-1
6684|8217|-1
6684|8328|-1
6684|8604|-1
6685|5539|-1
6685|8422|-1
6685|8561|-1
6685|8602|-1
6685|8673|-1
6686|5618|-1
6686|8476|-1
6686|8484|-1
6686|8733|-1
6687|3291|-1
6687|6730|-1
6688|10243|-1
6689|5436|-1
6689|6761|-1
6689|8361|-1
6697|5498|-1
6702|8352|-1
6703|5598|-1
6705|8572|-1
6716|3328|-1
6716|7018|0
6718|5499|-1
6719|3291|-1
6719|3334|-1
6719|5398|-1
6719|5622|-1
6719|6732|-1
6719|6772|-1
6719|6893|-1
6719|8199|-1
6719|8327|-1
6719|8408|-1
6719|8801|-1
6728|8280|-1
6728|8330|-1
6728|8419|-1
6730|3334|-1
6730|5398|-1
6730|6776|-1
6730|6893|-1
6730|8493|-1
6730|8801|-1
6731|8249|-1
6731|8395|-1
6731|8515|-1
6731|8533|-1
6731|8846|-1
6735|8405|-1
6735|8820|-1
6743|8624|0
6747|8605|-1
6753|3258|-1
6754|3258|-1
6754|5605|-1
6754|6753|-1
6754|8495|-1
6754|8763|-1
6755|6822|-1
6755|8386|-1
6755|8428|-1
6755|8505|-1
6755|8685|-1
6755|8705|-1
6755|8710|-1
6762|2609|-1
6762|3302|-1
6762|4755|-1
6762|5391|-1
6762|5505|-1
6762|5532|-1
6762|6568|-1
6762|6713|-1
6762|7303|-1
6762|7642|-1
6762|8225|-1
6762|8244|-1
6762|8452|-1
6762|8761|-1
6762|10569|-1
6763|8330|-1
6765|5409|-1
6765|5503|-1
6765|5597|-1
6765|5600|-1
6765|5611|-1
6765|6656|-1
6765|6847|-1
6765|6894|-1
6765|8205|-1
6765|8231|-1
6765|8250|-1
6765|8306|-1
6765|8404|-1
6765|8407|-1
6765|8481|-1
6765|8484|-1
6765|8553|-1
6765|8613|-1
6765|8625|-1
6765|8785|-1
6765|8796|-1
6769|8516|0
6774|5432|-1
6774|6771|-1
6774|8332|-1
6787|8472|0
6793|6820|0
6793|8812|0
6795|8507|-1
6799|3260|-1
6799|8388|-1
6799|8396|-1
6800|8427|-1
6805|2871|-1
6805|6878|-1
6805|8560|-1
6809|8574|-1
6813|766|-1
6813|1930|-1
6813|3352|-1
6813|4926|-1
6813|6752|-1
6820|3277|-1
6820|8634|-1
6844|8200|-1
6844|8313|-1
6846|3252|-1
6846|5380|-1
6846|5415|-1
6846|8340|-1
6847|8421|-1
6847|8686|-1
6849|3261|-1
6849|5380|-1
6849|5415|-1
6849|6846|-1
6849|8353|-1
6849|8601|-1
6849|8813|-1
6850|8504|-1
6852|5463|-1
6852|5618|-1
6852|6696|-1
6852|8476|-1
6853|5533|-1
6853|8609|-1
6853|8765|-1
6855|5628|-1
6855|8223|-1
6863|6858|-1
6863|8291|-1
6863|8352|-1
6863|8491|-1
6863|8828|-1
6866|3268|-1
6868|6880|-1
6870|3340|-1
6870|5412|-1
6870|6821|-1
6870|8499|-1
6873|3248|-1
6873|3330|-1
6873|5403|-1
6873|5423|-1
6873|6798|-1
6873|6829|-1
6873|8245|-1
6873|8339|-1
6873|8514|-1
6881|6721|-1
6883|8692|0
6888|8715|-1
6889|5503|-1
6889|6067|-1
6889|6427|-1
6889|6716|-1
6889|6765|-1
6889|6847|-1
6889|8272|-1
6889|8785|-1
6893|8493|-1
6897|3273|-1
6897|8216|-1
6905|3333|-1
6905|5623|-1
6905|8737|0
6912|3996|-1
6921|7010|-1
6922|1761|-1
6922|1970|-1
6922|3354|-1
6922|3794|-1
6922|10812|-1
6938|7439|-1
6939|7091|-1
6939|7374|-1
6983|4355|-1
6983|6112|-1
6984|146|-1
6993|3575|-1
6993|7003|-1
6993|7224|-1
6993|7816|-1
6993|10736|-1
7006|10734|-1
7018|1351|-1
7018|1742|-1
7018|1757|-1
7018|1975|-1
7018|2572|-1
7018|2752|-1
7018|2767|-1
7018|2918|-1
7018|3300|-1
7018|3448|-1
7018|3462|-1
7018|3502|-1
7018|3741|-1
7018|3790|-1
7018|3816|-1
7018|4129|-1
7018|4780|-1
7018|4926|-1
7018|5050|-1
7018|5074|-1
7018|5075|-1
7018|5088|-1
7018|5662|-1
7018|5727|-1
7018|5730|-1
7018|6203|-1
7018|6269|-1
7018|6301|-1
7018|6308|-1
7018|6332|-1
7018|6468|-1
7018|6577|-1
7018|6623|-1
7018|6742|-1
7018|6795|-1
7018|6822|-1
7018|6850|-1
7018|6922|-1
7018|7133|-1
7018|7178|-1
7018|7223|-1
7018|7303|-1
7018|7306|-1
7018|7369|-1
7018|7425|-1
7018|7726|-1
7018|7810|-1
7018|7853|-1
7018|7922|0
7018|7977|-1
7018|8031|-1
7018|8081|-1
7018|8095|-1
7018|8119|-1
7018|8132|-1
7018|8135|-1
7018|8143|-1
7018|10297|-1
7018|10319|-1
7018|10384|-1
7018|10464|-1
7018|10588|-1
7018|10625|-1
7018|10668|-1
7018|10695|-1
7018|10718|-1
7018|10722|-1
7018|10809|-1
7018|10815|-1
7018|10904|-1
7018|10914|-1
7018|10920|-1
7018|10947|-1
7018|10962|-1
7018|10963|-1
7018|10967|-1
7018|11021|-1
7018|11033|-1
7018|11090|-1
7018|11110|-1
7018|11134|-1
7018|11172|-1
7019|11174|-1
7021|7089|-1
7021|10279|-1
7021|10448|-1
7021|10742|-1
7037|4010|-1
7037|7283|-1
7037|8101|-1
7037|10684|-1
7037|11308|-1
7051|6322|-1
7051|10385|-1
7055|5641|-1
7055|11100|-1
7056|7864|-1
7061|3421|-1
7065|8046|-1
7066|225|-1
7066|1201|-1
7066|1312|-1
7066|10357|-1
7066|10545|-1
7078|10920|-1
7087|3603|-1
7087|11053|-1
7137|2638|-1
7138|2588|-1
7157|8065|-1
7170|13|-1
7170|22|-1
7170|37|-1
7170|48|-1
7170|83|-1
7170|84|-1
7170|89|-1
7170|132|-1
7170|298|-1
7170|374|-1
7170|523|-1
7170|592|-1
7170|668|-1
7170|687|-1
7170|1260|-1
7170|1456|-1
7170|1503|-1
7170|5264|-1
7170|5856|-1
7170|5957|-1
7170|8174|-1
7176|3313|-1
7176|5388|-1
7176|5535|-1
7182|11116|-1
7188|6494|-1
7189|1691|-1
7189|3812|-1
7189|5071|-1
7189|6997|-1
7192|1201|-1
7192|5922|-1
7194|3718|-1
7194|5700|-1
7195|3603|-1
7252|7346|-1
7252|7790|-1
7260|3566|-1
7260|5767|-1
7260|7268|-1
7260|7820|-1
7260|8011|-1
7260|10352|-1
7260|10656|-1
7260|11056|-1
7260|11253|-1
7283|4492|-1
7303|4270|-1
7303|4967|-1
7303|5648|-1
7303|7934|-1
7314|4369|-1
7314|10562|-1
7372|5702|-1
7390|11265|-1
7414|7313|-1
7431|11126|-1
7445|4470|-1
7470|4762|-1
7473|3758|-1
7473|4628|-1
7473|4657|-1
7474|4738|-1
7474|4740|-1
7474|4794|-1
7474|7475|-1
7474|7476|-1
7474|7542|-1
7474|7569|-1
7474|7570|-1
7474|7571|-1
7474|7572|-1
7474|7573|-1
7474|7574|-1
7474|7617|-1
7474|9261|-1
7474|9279|-1
7476|7569|0
7476|7571|0
7483|4783|-1
7483|7541|-1
7489|7716|-1
7498|4802|-1
7498|7603|-1
7498|7635|-1
7498|9301|-1
7501|2504|-1
7501|2525|-1
7501|4728|-1
7501|7525|-1
7501|7529|-1
7501|7668|-1
7501|7670|-1
7514|7490|-1
7515|4713|-1
7515|9293|-1
7515|10743|-1
7515|11158|-1
7526|4680|-1
7526|4691|-1
7540|4058|-1
7561|4668|-1
7563|9271|-1
7569|7570|-1
7586|4857|-1
7586|7584|-1
7586|7585|-1
7586|7604|-1
7586|7605|-1
7586|7607|-1
7586|7652|-1
7586|7704|-1
7586|7719|-1
7586|7721|-1
7586|9267|-1
7586|9280|-1
7586|9302|-1
7596|3836|-1
7596|4741|-1
7603|7635|-1
7610|7472|-1
7618|4779|-1
7618|9310|-1
7637|7543|-1
7637|9314|-1
7656|7533|-1
7656|7708|-1
7657|7489|-1
7657|7543|-1
7657|7586|-1
7668|7672|-1
7782|10483|-1
7784|7785|0
7784|10543|-1
7820|10554|-1
7892|4454|-1
7893|2048|-1
7908|10318|-1
7915|8047|-1
7922|7015|-1
7922|7016|-1
7922|7017|-1
7922|7725|-1
7927|6306|-1
7927|6545|-1
7927|8056|-1
7997|10299|-1
8001|6320|-1
8001|6889|-1
8001|8647|-1
8001|10848|-1
8015|7753|-1
8015|10903|-1
8041|6547|-1
8043|3796|-1
8043|3817|-1
8043|3819|-1
8043|3900|-1
8043|5645|-1
8043|8166|-1
8048|4535|-1
8062|3464|-1
8063|3464|-1
8068|8072|-1
8070|5761|-1
8070|8071|-1
8079|8132|-1
8081|10586|-1
8113|6482|-1
8114|2052|-1
8125|3770|-1
8149|2041|-1
8151|3484|-1
8151|10847|-1
8196|6887|-1
8196|8731|-1
8207|8464|-1
8207|8813|-1
8210|8264|-1
8210|8316|-1
8220|7363|-1
8220|8360|-1
8220|8539|-1
8220|8709|-1
8225|8496|-1
8228|5594|-1
8228|5630|-1
8228|6760|-1
8228|8332|-1
8228|8460|-1
8248|6721|-1
8262|8745|-1
8262|8860|-1
8263|2820|-1
8263|6903|-1
8263|8334|-1
8264|5625|-1
8264|6658|-1
8264|6803|-1
8264|6864|-1
8264|8257|-1
8269|2860|-1
8269|6853|-1
8271|6776|-1
8297|3286|-1
8297|3328|-1
8297|3344|-1
8297|5549|-1
8297|5557|-1
8297|6678|-1
8297|6859|-1
8297|8319|-1
8297|8625|-1
8299|8511|-1
8300|3248|-1
8300|8333|-1
8307|5435|-1
8309|8375|0
8316|6721|-1
8316|6740|-1
8316|8679|-1
8322|3292|-1
8331|8507|-1
8342|2766|-1
8342|3235|-1
8342|5547|-1
8342|6731|-1
8342|6800|-1
8342|6828|-1
8342|6854|-1
8342|6863|-1
8342|8345|-1
8342|8350|-1
8342|8382|-1
8342|8537|-1
8342|8568|-1
8342|8592|-1
8342|8606|-1
8342|8732|-1
8355|8652|-1
8355|8653|-1
8355|8656|-1
8359|6903|-1
8359|8241|-1
8359|8574|-1
8379|8767|0
8384|8572|0
8385|5599|-1
8385|8473|-1
8390|8431|-1
8390|8795|-1
8390|8808|-1
8394|8542|-1
8400|6700|-1
8404|8281|-1
8413|1913|-1
8429|8428|-1
8442|8472|0
8447|6708|-1
8455|8562|-1
8465|6680|-1
8470|2683|-1
8470|8402|-1
8470|8595|-1
8472|8673|0
8472|8735|0
8486|8516|0
8491|3312|-1
8499|8573|-1
8513|5429|-1
8513|6888|-1
8517|1967|-1
8517|8456|-1
8537|3253|-1
8561|8309|-1
8561|8391|-1
8563|6788|-1
8563|8392|-1
8584|4148|-1
8584|6768|-1
8584|6888|-1
8584|8203|-1
8584|8320|-1
8584|8347|-1
8584|8715|-1
8592|2848|-1
8592|6807|-1
8593|5407|-1
8593|5578|-1
8593|5588|-1
8593|8679|-1
8615|8370|-1
8647|6728|-1
8651|8355|-1
8651|8652|-1
8651|8653|-1
8651|8656|-1
8672|8688|-1
8672|8795|-1
8680|8681|-1
8685|8710|-1
8697|8376|-1
8717|3245|-1
8741|8823|-1
8750|6705|-1
8756|2683|-1
8756|5402|-1
10275|3550|-1
10275|6648|-1
10292|3586|-1
10297|10469|-1
10303|4957|-1
10303|4963|-1
10303|7140|-1
10303|7252|-1
10303|7766|-1
10303|10496|-1
10303|10601|-1
10303|10627|-1
10303|11041|-1
10303|11281|-1
10334|7182|-1
10339|5760|-1
10393|6180|-1
10399|2933|-1
10399|3817|-1
10399|4232|-1
10399|4259|-1
10399|5645|-1
10417|10495|-1
10417|10906|-1
10430|3935|-1
10450|10468|-1
10466|55|-1
10487|11083|-1
10490|81|-1
10490|2637|-1
10490|3452|-1
10490|7212|-1
10490|10631|-1
10490|11095|-1
10506|6419|-1
10514|6967|-1
10530|5710|-1
10530|6429|-1
10530|6487|-1
10530|10417|-1
10530|10697|-1
10530|10778|-1
10609|7915|-1
10637|2871|-1
10637|8386|-1
10637|8389|-1
10637|8415|-1
10674|4941|-1
10680|87|-1
10689|10692|-1
10771|10821|-1
10792|10797|-1
10818|10810|-1
10828|11102|-1
10834|8178|-1
10866|7910|-1
10870|10396|-1
10886|27|-1
10886|11131|-1
10887|6967|-1
10906|10531|-1
10951|8159|-1
10972|800|-1
10972|6579|-1
11028|4926|-1
11038|8488|-1
11080|7538|-1
11178|11222|-1
11207|4543|-1
11229|11203|-1
11289|5677|-1
