3741 3741 3356 1299 6453 3300 3257 5511 13335 3491 174 37584 37585 15412 9002 37586 37588 328372 9129 16637 12091 28698 7018 56651 138495 11 69 646260 924 3215 201053
3356 3356 1299 6453 3300 3257 5511 13335 3491 174 37584 37585 15412 9002 37586 37588 328372 9129 16637 12091 28698 7018 56651 138495 11 69 646260 924 3215 201053
1299 1299 6453 3300 3257 5511 13335 3491 174 37584 37585 15412 9002 37586 37588 328372 9129 16637 12091 28698 7018 56651 138495 11 69 646260 924 3215 201053
6453 6453 3300 3257 5511 13335 3491 174 37584 37585 15412 9002 37586 37588 328372 9129 16637 12091 28698 7018 56651 138495 11 69 646260 924 3215 201053
3300 3300 3257 5511 13335 3491 174 37584 37585 15412 9002 37586 37588 328372 9129 16637 12091 28698 7018 56651 138495 11 69 646260 924 3215 201053
3257 3257 5511 13335 3491 174 37584 37585 15412 9002 37586 37588 328372 9129 16637 12091 28698 7018 56651 138495 11 69 646260 924 3215 201053
5511 5511 13335 3491 174 37584 37585 15412 9002 37586 37588 328372 9129 16637 12091 28698 7018 56651 138495 11 69 646260 924 3215 201053
13335 13335 3491 174 37584 37585 15412 9002 37586 37588 328372 9129 16637 12091 28698 7018 56651 138495 11 69 646260 924 3215 201053
3491 3491 174 37584 37585 15412 9002 37586 37588 328372 9129 16637 12091 28698 7018 56651 138495 11 69 646260 924 3215 201053
174 174 37584 37585 15412 9002 37586 37588 328372 9129 16637 12091 28698 7018 56651 138495 11 69 646260 924 3215 201053
37584 37584 37585 15412 9002 37586 37588 328372 9129 16637 12091 28698 7018 56651 138495 11 69 646260 924 3215 201053
37585 37585 15412 9002 37586 37588 328372 9129 16637 12091 28698 7018 56651 138495 11 69 646260 924 3215 201053
15412 15412 9002 37586 37588 328372 9129 16637 12091 28698 7018 56651 138495 11 69 646260 924 3215 201053
9002 9002 37586 37588 328372 9129 16637 12091 28698 7018 56651 138495 11 69 646260 924 3215 201053
37586 37586 37588 328372 9129 16637 12091 28698 7018 56651 138495 11 69 646260 924 3215 201053
37588 37588 328372 9129 16637 12091 28698 7018 56651 138495 11 69 646260 924 3215 201053
328372 328372 9129 16637 12091 28698 7018 56651 138495 11 69 646260 924 3215 201053
9129 9129 16637 12091 28698 7018 56651 138495 11 69 646260 924 3215 201053
16637 16637 12091 28698 7018 56651 138495 11 69 646260 924 3215 201053
12091 12091 28698 7018 56651 138495 11 69 646260 924 3215 201053
28698 28698 7018 56651 138495 11 69 646260 924 3215 201053
7018 7018 56651 138495 11 69 646260 924 3215 201053
56651 56651 138495 11 69 646260 924 3215 201053
138495 138495 11 69 646260 924 3215 201053
11 11 69 646260 924 3215 201053
69 69 646260 924 3215 201053
646260 646260 924 3215 201053
924 924 3215 201053
3215 3215 201053
201053 201053